86.04377266454864  13.808510638297875
92.08594075928241  14.702127659574472
101.14855107345721  15.978723404255323
110.51346234074646  17.319148936170215
122.29293026539582  18.787234042553198
133.76945540900482  20.12765957446809
145.84929880299094  21.468085106382983
157.92978402490292  22.87234042553192
169.71053560540417  24.468085106382983
181.49000353005357  25.93617021276596
193.2688296267771  27.340425531914896
205.65354128558133  29.000000000000004
218.64157119476266  30.65957446808511
230.7239819004525  32.255319148936174
243.106126247553  33.65957446808511
256.701325374667  35.70212765957447
268.4820769551683  37.297872340425535
