3.664561714774444701e-02
3.637474754266817323e-02
3.610977006440718728e-02
3.584987383736110145e-02
3.559418497350158583e-02
3.534178252550251864e-02
3.509172178661074115e-02
3.484306230079758926e-02
3.459489814759231230e-02
3.434638872648737573e-02
3.409678860271958545e-02
3.384547456496445061e-02
3.359196713107992505e-02
3.333594330509470627e-02
3.307723835886977604e-02
3.281583669530097058e-02
3.255185438236835038e-02
3.228551760875514320e-02
3.201714152986934181e-02
3.174711266159285783e-02
3.147587552716629711e-02
3.120392178365022362e-02
3.093177903525062833e-02
3.065999761620630260e-02
3.038913589912617397e-02
3.011974660370864143e-02
2.985236716320938122e-02
2.958751628679401335e-02
2.932569679066698853e-02
2.906740238364413642e-02
2.881312456001977607e-02
2.856335589498124050e-02
2.831858761320715789e-02
2.807930126886484801e-02
2.784595582705245986e-02
2.761897211847574862e-02
2.739871678082100859e-02
2.718548774628035125e-02
2.697950331106144239e-02
2.678089681214759765e-02
2.658971860239675578e-02
2.640594584452482518e-02
2.622949853723813285e-02
2.606025806880174489e-02
2.589808394224218935e-02
2.574282564333711665e-02
2.559432888362536684e-02
2.545243723954244974e-02
2.531699097566990353e-02
2.518782483365640534e-02
2.506476619658395966e-02
2.494763454090477561e-02
2.483624256548464665e-02
2.473039891148946096e-02
2.462991204085883401e-02
2.453459468471376817e-02
2.444426828840333757e-02
2.435876696556551341e-02
2.427794051757956040e-02
2.420165605679364465e-02
2.412979779360189397e-02
2.406226474635569240e-02
2.399896655725518996e-02
2.393981815423631282e-02
2.388473449759001555e-02
2.383362686974543898e-02
2.378640192016737154e-02
2.374296391110972126e-02
2.370321952537303434e-02
2.366708363784308933e-02
2.363448404809251335e-02
2.360536342973887369e-02
2.357967742563998881e-02
2.355738855632444340e-02
2.353845620587896592e-02
2.352282338646524695e-02
2.351040133972309709e-02
2.350105339939570492e-02
2.349457996460749265e-02
2.349070689075394291e-02
2.348907993285070939e-02
2.348926773153697800e-02
2.349077478959932241e-02
2.349306380308402442e-02
2.349558415684266377e-02
2.349780157519132384e-02
2.349922384185321178e-02
2.349941916700598599e-02
2.349802626142416528e-02
2.349475739024714516e-02
2.348939694440843606e-02
2.348179822836587993e-02
2.347188044897080550e-02
2.345962674724622055e-02
2.344508302950409906e-02
2.342835664463266410e-02
2.340961376173977815e-02
2.338907423546476849e-02
2.336700346389425365e-02
2.334369871116115380e-02
