2.000000000000000000e+02
2.008080808080808026e+02
2.016161616161616053e+02
2.024242424242424363e+02
2.032323232323232389e+02
2.040404040404040416e+02
2.048484848484848442e+02
2.056565656565656468e+02
2.064646464646464779e+02
2.072727272727272805e+02
2.080808080808080831e+02
2.088888888888888857e+02
2.096969696969696884e+02
2.105050505050505194e+02
2.113131313131313220e+02
2.121212121212121247e+02
2.129292929292929273e+02
2.137373737373737299e+02
2.145454545454545325e+02
2.153535353535353636e+02
2.161616161616161662e+02
2.169696969696969688e+02
2.177777777777777715e+02
2.185858585858585741e+02
2.193939393939394051e+02
2.202020202020202078e+02
2.210101010101010104e+02
2.218181818181818130e+02
2.226262626262626156e+02
2.234343434343434183e+02
2.242424242424242493e+02
2.250505050505050519e+02
2.258585858585858546e+02
2.266666666666666572e+02
2.274747474747474598e+02
2.282828282828282909e+02
2.290909090909090935e+02
2.298989898989898961e+02
2.307070707070706987e+02
2.315151515151515014e+02
2.323232323232323324e+02
2.331313131313131350e+02
2.339393939393939377e+02
2.347474747474747403e+02
2.355555555555555429e+02
2.363636363636363740e+02
2.371717171717171766e+02
2.379797979797979792e+02
2.387878787878787818e+02
2.395959595959595845e+02
2.404040404040404155e+02
2.412121212121212182e+02
2.420202020202020208e+02
2.428282828282828234e+02
2.436363636363636260e+02
2.444444444444444571e+02
2.452525252525252597e+02
2.460606060606060623e+02
2.468686868686868650e+02
2.476767676767676676e+02
2.484848484848484986e+02
2.492929292929293013e+02
2.501010101010101039e+02
2.509090909090909065e+02
2.517171717171717091e+02
2.525252525252525402e+02
2.533333333333333428e+02
2.541414141414141454e+02
2.549494949494949481e+02
2.557575757575757507e+02
2.565656565656565817e+02
2.573737373737373559e+02
2.581818181818181870e+02
2.589898989898989612e+02
2.597979797979797922e+02
2.606060606060606233e+02
2.614141414141413975e+02
2.622222222222222285e+02
2.630303030303030027e+02
2.638383838383838338e+02
2.646464646464646648e+02
2.654545454545454390e+02
2.662626262626262701e+02
2.670707070707070443e+02
2.678787878787878753e+02
2.686868686868687064e+02
2.694949494949494806e+02
2.703030303030303116e+02
2.711111111111110858e+02
2.719191919191919169e+02
2.727272727272727479e+02
2.735353535353535221e+02
2.743434343434343532e+02
2.751515151515151274e+02
2.759595959595959584e+02
2.767676767676767895e+02
2.775757575757575637e+02
2.783838383838383947e+02
2.791919191919191690e+02
2.800000000000000000e+02
