-1.029083884219198941e+00
-1.025779946735817294e+00
-1.022386768230367560e+00
-1.018898572427131333e+00
-1.015309355641317968e+00
-1.011612884361708042e+00
-1.007802613519195978e+00
-1.003871603133299262e+00
-9.998127429091406837e-01
-9.956188113589485855e-01
-9.912823289518269965e-01
-9.867957237120948966e-01
-9.821512626291254433e-01
-9.773410733966202413e-01
-9.723570316287770687e-01
-9.671907958716950970e-01
-9.618349390943676802e-01
-9.562815157201352001e-01
-9.505219611801843937e-01
-9.445483886433602150e-01
-9.383531256022246136e-01
-9.319287095154192846e-01
-9.252680855674846327e-01
-9.183643855126437661e-01
-9.112110786385761996e-01
-9.038022591230098213e-01
-8.961325635985970539e-01
-8.881971987711260175e-01
-8.799920713261220051e-01
-8.715139351438598858e-01
-8.627604745013107701e-01
-8.537303399924365266e-01
-8.444232303483718560e-01
-8.348400787251358812e-01
-8.249833552477301435e-01
-8.148569646729861837e-01
-8.044658275292252414e-01
-7.938166880574590856e-01
-7.829191151216715605e-01
-7.717841943207509603e-01
-7.604230117398194100e-01
-7.488458744298392977e-01
-7.370620473031307407e-01
-7.250799735911654942e-01
-7.129074834958454288e-01
-7.005517745120022344e-01
-6.880193528498771416e-01
-6.753161050740568161e-01
-6.624474828635553703e-01
-6.494185568301512612e-01
-6.362339951352640188e-01
-6.228980973337716609e-01
-6.094148405397243895e-01
-5.957879029912914737e-01
-5.820206558128810936e-01
-5.681161639164663546e-01
-5.540773024479020981e-01
-5.399068292161705029e-01
-5.256072468965210520e-01
-5.111808050908150935e-01
-4.966297202476136485e-01
-4.819561477226887436e-01
-4.671620109144263289e-01
-4.522490766824889263e-01
-4.372190659420310266e-01
-4.220736093082610996e-01
-4.068142220169346790e-01
-3.914423384796387739e-01
-3.759593057947459571e-01
-3.603663694137390072e-01
-3.446647241806106154e-01
-3.288555537216176217e-01
-3.129400095389688330e-01
-2.969191816666584272e-01
-2.807940785356386471e-01
-2.645656227412348516e-01
-2.482346877639231009e-01
-2.318021958750172695e-01
-2.152691091296760895e-01
-1.986362743859629298e-01
-1.819043990769131924e-01
-1.650741480094112812e-01
-1.481462089214598266e-01
-1.311213062921446626e-01
-1.140001616090275532e-01
-9.678347566195685814e-02
-7.947194303125026948e-02
-6.206621659556933734e-02
-4.456683214354485029e-02
-2.697414881401532030e-02
-9.288538975785689059e-03
8.489148428152704443e-03
2.635798082578666088e-02
4.431771552332309377e-02
6.236792959239560036e-02
8.050795500352521394e-02
9.873737165467914856e-02
1.170557246524757816e-01
1.354625856643385806e-01
1.539577800864914969e-01
