224.21052631578948 21.24685138539043
222.86315789473682 21.70025188916877
223.3684210526316 21.54911838790932
224.37894736842105 21.738035264483628
223.03157894736842 22.00251889168766
221.17894736842106 22.00251889168766
220.33684210526314 22.304785894206553
218.3157894736842 22.380352644836275
216.96842105263158 22.493702770780857
215.45263157894738 22.455919395465997
213.93684210526317 22.53148614609572
211.7473684210526 22.455919395465997
209.89473684210526 22.26700251889169
208.37894736842105 22.380352644836275
207.36842105263156 22.380352644836275
205.68421052631578 22.418136020151138
203.8315789473684 22.569269521410583
218.9894736842105 22.115869017632242
218.82105263157894 22.569269521410583
221.3473684210526 22.342569269521412
222.18947368421053 22.153652392947105
