234.94829929642768 9.016682199575195
235.13696823475055 8.94119768949738
235.14108333806396 9.020355456208929
235.22496516865522 7.864318240556099
235.26334958367775 8.263230560579757
235.27621613462284 7.957310113097185
235.2815686523047 8.931039886119683
235.31969417278842 8.507561520176136
235.42701835997752 8.035497134067219
235.41364852385044 8.866092383773548
235.40167845870073 8.237426389600486
235.41387086857205 8.634298011494291
235.44611999065995 7.783235516802661
235.51891504335168 8.354570076799282
235.55717559510467 7.790321612622215
235.60435227172152 7.761607162444328
235.61876305244547 8.030403655963156
235.62836347111008 7.852561382673665
235.62897872636714 7.2111577771886
235.66251622951313 8.29382275761892
235.68493649657856 7.8587474392434125
235.7599489048502 8.303065292656289
235.7810152493643 7.4589738295447185
235.8097145268557 8.033023820987344
235.847936498246 8.328211566925038
235.934164285626 7.2751869653763
235.92802831584285 7.8463981697397
235.96437474012944 7.093051103832508
235.9746181648383 7.337163272161732
235.99297835637074 7.857851968720761
236.037808128611 7.654293548595213
236.02891444127383 8.078427831467511
236.10837746664427 7.705986208951605
236.14385600198324 7.857413370913747
236.19345714981108 6.939620047375939
236.1845298569475 8.054161037176364
236.19487142468415 7.1036708562893525
236.1880325477674 7.679470585626816
236.2034175841756 7.3695208253741225
236.27923652508127 7.62840135347273
236.28958621499956 6.669443798255882
236.3180270491844 7.330872896321914
236.29609208247024 6.440806416441688
236.36133384468766 7.240428596806865
236.3610898408151 7.4948026339656835
236.38988500517274 6.967626344844587
236.42266562251982 7.200912406540404
236.4715494801841 7.030894078506224
236.54684819535757 7.176736986792386
236.61673753757785 6.408121742364901
236.63835878502726 6.806024373686997
236.74255419182853 6.3188488137291134

