-37.75200688387375 8.646322387029436
-37.699288927132635 8.499849543104217
-37.65468142527477 8.41422616895844
-37.59153574082662 8.273554846759016
-37.54573098134314 8.218972285259653
-37.500582782493055 8.154361131024352
-37.4397543708687 8.039587020467732
-37.39641412758634 7.943479377070446
-37.34967038984405 7.853650955069189
-37.30593186529511 7.772443583524832
-37.251946649978485 7.603681662701716
-37.2068684520783 7.577034612551314
-37.090751359173936 7.380535722822264
-37.04552833172225 7.332472563782407
-37.00178980717331 7.231565467290089
-36.955560214338796 7.1342744501198085
-36.8908503707346 6.982174652195621
-36.84238817466024 6.946942394393293
-36.79902843509211 6.892975014165835
-36.75442093323425 6.804958215493672
-36.68882166579621 6.593374218724399
-36.603110259318655 6.479325409463925
-36.501729573278055 6.232016817313489
-36.40107544882075 5.985202203769084
-36.30023545977237 5.73946713658932
-36.17700160362968 5.546662136308612
-36.002162162162165 5.097312005883435
-37.14378378378378 7.4884182141324995
