-35.335182842686294 4.583002721557804
-35.42433302667893 4.80299371358479
-35.50080496780129 4.960096596136154
-36.73844296228151 6.765840616375345
-36.67571297148114 6.08960058264336
-36.329979300827965 6.263540708371664
-36.41933072677092 6.37341881324747
-36.47027368905243 6.499127951548604
-36.508509659613615 6.577679392824287
-36.53395239190432 6.656264374425023
-36.76385694572217 6.860156010426248
-36.11318422263109 5.886580995093529
-36.024034038638455 5.666590003066544
-35.883279668813245 5.682689359092302
-35.80614650413983 5.887385962894817
-35.922205611775524 5.383710901563936
-35.78150873965041 5.368349432689359
-35.704950551977916 5.2584377874885
-35.56465616375345 5.02285054431156
-35.6540650873965 5.101267824287029
-35.37344756209752 4.645823750383317
-35.2453139374425 4.756272040785036
-35.283521159153636 4.8505538945108855
-36.215098896044154 6.122268859245629
