#! FIELDS refcv hh dhh_refcv
#! SET normalisation  400.000000
#! SET min_refcv -0.5
#! SET max_refcv 2
#! SET nbins_refcv  1000
#! SET periodic_refcv false
 -0.500000 0.000000 0.000000
 -0.497500 0.000000 0.000000
 -0.495000 0.000000 0.000000
 -0.492500 0.000000 0.000000
 -0.490000 0.000000 0.000000
 -0.487500 0.000000 0.000000
 -0.485000 0.000000 0.000000
 -0.482500 0.000000 0.000000
 -0.480000 0.000000 0.000000
 -0.477500 0.000000 0.000000
 -0.475000 0.000000 0.000000
 -0.472500 0.000000 0.000000
 -0.470000 0.000000 0.000000
 -0.467500 0.000000 0.000000
 -0.465000 0.000000 0.000000
 -0.462500 0.000000 0.000000
 -0.460000 0.000000 0.000000
 -0.457500 0.000000 0.000000
 -0.455000 0.000000 0.000000
 -0.452500 0.000000 0.000000
 -0.450000 0.000000 0.000000
 -0.447500 0.000000 0.000000
 -0.445000 0.000000 0.000000
 -0.442500 0.000000 0.000000
 -0.440000 0.000000 0.000000
 -0.437500 0.000000 0.000000
 -0.435000 0.000000 0.000000
 -0.432500 0.000000 0.000000
 -0.430000 0.000000 0.000000
 -0.427500 0.000000 0.000000
 -0.425000 0.000000 0.000000
 -0.422500 0.000000 0.000000
 -0.420000 0.000000 0.000000
 -0.417500 0.000000 0.000000
 -0.415000 0.000000 0.000000
 -0.412500 0.000000 0.000000
 -0.410000 0.000000 0.000000
 -0.407500 0.000000 0.000000
 -0.405000 0.000000 0.000000
 -0.402500 0.000000 0.000000
 -0.400000 0.000000 0.000000
 -0.397500 0.000000 0.000000
 -0.395000 0.000000 0.000000
 -0.392500 0.000000 0.000000
 -0.390000 0.000000 0.000000
 -0.387500 0.000000 0.000000
 -0.385000 0.000000 0.000000
 -0.382500 0.000000 0.000000
 -0.380000 0.000000 0.000000
 -0.377500 0.000000 0.000000
 -0.375000 0.000000 0.000000
 -0.372500 0.000000 0.000000
 -0.370000 0.000000 0.000000
 -0.367500 0.000000 0.000000
 -0.365000 0.000000 0.000000
 -0.362500 0.000000 0.000000
 -0.360000 0.000000 0.000000
 -0.357500 0.000000 0.000000
 -0.355000 0.000000 0.000000
 -0.352500 0.000000 0.000000
 -0.350000 0.000000 0.000000
 -0.347500 0.000000 0.000000
 -0.345000 0.000000 0.000000
 -0.342500 0.000000 0.000000
 -0.340000 0.000000 0.000000
 -0.337500 0.000000 0.000000
 -0.335000 0.000000 0.000000
 -0.332500 0.000000 0.000000
 -0.330000 0.000000 0.000000
 -0.327500 0.000000 0.000000
 -0.325000 0.000000 0.000000
 -0.322500 0.000000 0.000000
 -0.320000 0.000000 0.000000
 -0.317500 0.000000 0.000000
 -0.315000 0.000000 0.000000
 -0.312500 0.000000 0.000000
 -0.310000 0.000000 0.000000
 -0.307500 0.000000 0.000000
 -0.305000 0.000000 0.000000
 -0.302500 0.000000 0.000000
 -0.300000 0.000000 0.000000
 -0.297500 0.000000 0.000000
 -0.295000 0.000000 0.000000
 -0.292500 0.000000 0.000000
 -0.290000 0.000000 0.000000
 -0.287500 0.000000 0.000000
 -0.285000 0.000000 0.000000
 -0.282500 0.000000 0.000000
 -0.280000 0.000000 0.000000
 -0.277500 0.000000 0.000000
 -0.275000 0.000000 0.000000
 -0.272500 0.000000 0.000000
 -0.270000 0.000000 0.000000
 -0.267500 0.000000 0.000000
 -0.265000 0.000000 0.000000
 -0.262500 0.000000 0.000000
 -0.260000 0.000000 0.000000
 -0.257500 0.000000 0.000000
 -0.255000 0.000000 0.000000
 -0.252500 0.000000 0.000000
 -0.250000 0.000000 0.000000
 -0.247500 0.000000 0.000000
 -0.245000 0.000000 0.000000
 -0.242500 0.000000 0.000000
 -0.240000 0.000000 0.000000
 -0.237500 0.000000 0.000000
 -0.235000 0.000000 0.000000
 -0.232500 0.000000 0.000000
 -0.230000 0.000000 0.000000
 -0.227500 0.000000 0.000000
 -0.225000 0.000000 0.000000
 -0.222500 0.000000 0.000000
 -0.220000 0.000000 0.000000
 -0.217500 0.000000 0.000000
 -0.215000 0.000000 0.000000
 -0.212500 0.000000 0.000000
 -0.210000 0.000000 0.000000
 -0.207500 0.000000 0.000000
 -0.205000 0.000000 0.000000
 -0.202500 0.000000 0.000000
 -0.200000 0.000000 0.000000
 -0.197500 0.000000 0.000000
 -0.195000 0.000000 0.000000
 -0.192500 0.000000 0.000000
 -0.190000 0.000000 0.000000
 -0.187500 0.000000 0.000000
 -0.185000 0.000000 0.000000
 -0.182500 0.000000 0.000000
 -0.180000 0.000000 0.000000
 -0.177500 0.000000 0.000000
 -0.175000 0.000000 0.000000
 -0.172500 0.000000 0.000000
 -0.170000 0.000000 0.000000
 -0.167500 0.000000 0.000000
 -0.165000 0.000000 0.000000
 -0.162500 0.000000 0.000000
 -0.160000 0.000000 0.000000
 -0.157500 0.000000 0.000000
 -0.155000 0.000000 0.000000
 -0.152500 0.000000 0.000000
 -0.150000 0.000000 0.000000
 -0.147500 0.000000 0.000000
 -0.145000 0.000000 0.000000
 -0.142500 0.000000 0.000000
 -0.140000 0.000000 0.000000
 -0.137500 0.000000 0.000000
 -0.135000 0.000000 0.000000
 -0.132500 0.000000 0.000000
 -0.130000 0.000000 0.000000
 -0.127500 0.000000 0.000000
 -0.125000 0.000000 0.000000
 -0.122500 0.000000 0.000000
 -0.120000 0.000000 0.000000
 -0.117500 0.000000 0.000000
 -0.115000 0.000000 0.000000
 -0.112500 0.000000 0.000000
 -0.110000 0.000000 0.000000
 -0.107500 0.000000 0.000000
 -0.105000 0.000000 0.000000
 -0.102500 0.000000 0.000000
 -0.100000 0.000000 0.000000
 -0.097500 0.000000 0.000000
 -0.095000 0.000000 0.000000
 -0.092500 0.000000 0.000000
 -0.090000 0.000000 0.000000
 -0.087500 0.000000 0.000000
 -0.085000 0.000000 0.000000
 -0.082500 0.000000 0.000000
 -0.080000 0.000000 0.000000
 -0.077500 0.000000 0.000000
 -0.075000 0.000000 0.000000
 -0.072500 0.000000 0.000000
 -0.070000 0.000000 0.000000
 -0.067500 0.000000 0.000000
 -0.065000 0.000000 0.000000
 -0.062500 0.000000 0.000000
 -0.060000 0.000000 0.000000
 -0.057500 0.000000 0.000000
 -0.055000 0.000000 0.000000
 -0.052500 0.000000 0.000000
 -0.050000 0.000000 0.000000
 -0.047500 0.000000 0.000000
 -0.045000 0.000000 0.000000
 -0.042500 0.000000 0.000000
 -0.040000 0.000000 0.000000
 -0.037500 0.000000 0.000000
 -0.035000 0.000000 0.000000
 -0.032500 0.000000 0.000000
 -0.030000 0.000000 0.000000
 -0.027500 0.000000 0.000000
 -0.025000 0.000000 0.000000
 -0.022500 0.000000 0.000000
 -0.020000 0.000000 0.000000
 -0.017500 0.000000 0.000000
 -0.015000 0.000000 0.000000
 -0.012500 0.000000 0.000000
 -0.010000 0.000000 0.000000
 -0.007500 0.000000 0.000000
 -0.005000 0.000000 0.000000
 -0.002500 0.000000 0.000000
 0.000000 0.000000 0.000000
 0.002500 0.000000 0.000000
 0.005000 0.000000 0.000000
 0.007500 0.000000 0.000000
 0.010000 0.000000 0.000000
 0.012500 0.000000 0.000000
 0.015000 0.000000 0.000000
 0.017500 0.000000 0.000000
 0.020000 0.000000 0.000000
 0.022500 0.000000 0.000000
 0.025000 0.000000 0.000000
 0.027500 0.000000 0.000000
 0.030000 0.000000 0.000000
 0.032500 0.000000 0.000000
 0.035000 0.000000 0.000000
 0.037500 0.000000 0.000000
 0.040000 0.000000 0.000000
 0.042500 0.000000 0.000000
 0.045000 0.000000 0.000000
 0.047500 0.000000 0.000000
 0.050000 0.000000 0.000000
 0.052500 0.000000 0.000000
 0.055000 0.000000 0.000000
 0.057500 0.000000 0.000000
 0.060000 0.000000 0.000000
 0.062500 0.000000 0.000000
 0.065000 0.000000 0.000000
 0.067500 0.000000 0.000000
 0.070000 0.000000 0.000000
 0.072500 0.000000 0.000000
 0.075000 0.000000 0.000000
 0.077500 0.000000 0.000000
 0.080000 0.000000 0.000000
 0.082500 0.000000 0.000000
 0.085000 0.000000 0.000000
 0.087500 0.000000 0.000000
 0.090000 0.000000 0.000000
 0.092500 0.000000 0.000000
 0.095000 0.000000 0.000000
 0.097500 0.000000 0.000000
 0.100000 0.000000 0.000000
 0.102500 0.000000 0.000000
 0.105000 0.000000 0.000000
 0.107500 0.000000 0.000000
 0.110000 0.000000 0.000000
 0.112500 0.000000 0.000000
 0.115000 0.000000 0.000000
 0.117500 0.000000 0.000000
 0.120000 0.000000 0.000000
 0.122500 0.000000 0.000000
 0.125000 0.000000 0.000000
 0.127500 0.000000 0.000000
 0.130000 0.000000 0.000000
 0.132500 0.000000 0.000000
 0.135000 0.000000 0.000000
 0.137500 0.000000 0.000000
 0.140000 0.000000 0.000000
 0.142500 0.000000 0.000000
 0.145000 0.000000 0.000000
 0.147500 0.000000 0.000000
 0.150000 0.000000 0.000087
 0.152500 0.000001 0.000205
 0.155000 0.000001 0.000452
 0.157500 0.000003 0.000931
 0.160000 0.000006 0.001791
 0.162500 0.000012 0.003209
 0.165000 0.000023 0.005353
 0.167500 0.000040 0.008291
 0.170000 0.000065 0.011889
 0.172500 0.000100 0.015717
 0.175000 0.000143 0.019028
 0.177500 0.000193 0.020876
 0.180000 0.000246 0.020362
 0.182500 0.000293 0.016961
 0.185000 0.000328 0.010799
 0.187500 0.000345 0.002734
 0.190000 0.000341 -0.005829
 0.192500 0.000317 -0.013338
 0.195000 0.000277 -0.018550
 0.197500 0.000227 -0.020869
 0.200000 0.000175 -0.020431
 0.202500 0.000126 -0.017933
 0.205000 0.000086 -0.014328
 0.207500 0.000055 -0.010448
 0.210000 0.000033 -0.006967
 0.212500 0.000020 -0.004119
 0.215000 0.000012 -0.001804
 0.217500 0.000010 0.000195
 0.220000 0.000014 0.002582
 0.222500 0.000024 0.005691
 0.225000 0.000044 0.010219
 0.227500 0.000078 0.017036
 0.230000 0.000132 0.026622
 0.232500 0.000214 0.039694
 0.235000 0.000334 0.056710
 0.237500 0.000502 0.078093
 0.240000 0.000728 0.103692
 0.242500 0.001024 0.133317
 0.245000 0.001398 0.165864
 0.247500 0.001856 0.199820
 0.250000 0.002398 0.232842
 0.252500 0.003019 0.262713
 0.255000 0.003708 0.286641
 0.257500 0.004448 0.303339
 0.260000 0.005222 0.313593
 0.262500 0.006015 0.320289
 0.265000 0.006827 0.329479
 0.267500 0.007676 0.349779
 0.270000 0.008596 0.388627
 0.272500 0.009646 0.453297
 0.275000 0.010893 0.546211
 0.277500 0.012406 0.665296
 0.280000 0.014247 0.807168
 0.282500 0.016467 0.967640
 0.285000 0.019112 1.148203
 0.287500 0.022240 1.355883
 0.290000 0.025936 1.603628
 0.292500 0.030313 1.903595
 0.295000 0.035516 2.262878
 0.297500 0.041688 2.675905
 0.300000 0.048939 3.121718
 0.302500 0.057316 3.569532
 0.305000 0.066774 3.982648
 0.307500 0.077193 4.332784
 0.310000 0.088394 4.604728
 0.312500 0.100179 4.802328
 0.315000 0.112389 4.950888
 0.317500 0.124950 5.089374
 0.320000 0.137896 5.263829
 0.322500 0.151358 5.508739
 0.325000 0.165551 5.847929
 0.327500 0.180714 6.281792
 0.330000 0.197061 6.793176
 0.332500 0.214764 7.357819
 0.335000 0.233920 7.950814
 0.337500 0.254574 8.556038
 0.340000 0.276752 9.167813
 0.342500 0.300473 9.791434
 0.345000 0.325783 10.441202
 0.347500 0.352760 11.127654
 0.350000 0.381516 11.865028
 0.352500 0.412185 12.655211
 0.355000 0.444885 13.486690
 0.357500 0.479696 14.341385
 0.360000 0.516648 15.189713
 0.362500 0.555681 16.002843
 0.365000 0.596687 16.765383
 0.367500 0.639528 17.471704
 0.370000 0.684077 18.133253
 0.372500 0.730249 18.773983
 0.375000 0.778013 19.412707
 0.377500 0.827397 20.068348
 0.380000 0.878439 20.742040
 0.382500 0.931188 21.420619
 0.385000 0.985602 22.075019
 0.387500 1.041586 22.672462
 0.390000 1.098951 23.176983
 0.392500 1.157462 23.584772
 0.395000 1.216891 23.915645
 0.397500 1.277076 24.207910
 0.400000 1.338005 24.509818
 0.402500 1.399743 24.867769
 0.405000 1.462471 25.300160
 0.407500 1.526367 25.794125
 0.410000 1.591532 26.319315
 0.412500 1.657997 26.824005
 0.415000 1.725659 27.272416
 0.417500 1.794330 27.631722
 0.420000 1.863774 27.892309
 0.422500 1.933760 28.072439
 0.425000 2.004111 28.189421
 0.427500 2.074713 28.279737
 0.430000 2.145527 28.369997
 0.432500 2.216564 28.451239
 0.435000 2.287758 28.495774
 0.437500 2.358941 28.441146
 0.440000 2.429791 28.206012
 0.442500 2.499763 27.737074
 0.445000 2.568228 27.008926
 0.447500 2.634588 26.064221
 0.450000 2.698384 24.991742
 0.452500 2.759463 23.900984
 0.455000 2.817902 22.904037
 0.457500 2.874046 22.064213
 0.460000 2.928287 21.388859
 0.462500 2.980996 20.819249
 0.465000 3.032331 20.295623
 0.467500 3.082330 19.747670
 0.470000 3.130918 19.179780
 0.472500 3.178100 18.632131
 0.475000 3.224048 18.204922
 0.477500 3.269181 18.010716
 0.480000 3.314214 18.128926
 0.482500 3.359930 18.566230
 0.485000 3.407018 19.213144
 0.487500 3.455787 19.873110
 0.490000 3.505978 20.305107
 0.492500 3.556720 20.290994
 0.495000 3.606721 19.718140
 0.497500 3.654619 18.616432
 0.500000 3.699242 17.143608
 0.502500 3.739935 15.504762
 0.505000 3.776530 13.888168
 0.507500 3.809186 12.384716
 0.510000 3.838204 10.964358
 0.512500 3.863684 9.542407
 0.515000 3.885514 8.034663
 0.517500 3.903439 6.409044
 0.520000 3.917148 4.687684
 0.522500 3.926533 2.949611
 0.525000 3.931609 1.273626
 0.527500 3.932639 -0.291399
 0.530000 3.929930 -1.706020
 0.532500 3.923881 -2.963827
 0.535000 3.914880 -4.034129
 0.537500 3.903476 -4.867535
 0.540000 3.890324 -5.419719
 0.542500 3.876190 -5.659325
 0.545000 3.861852 -5.615298
 0.547500 3.847871 -5.381127
 0.550000 3.834489 -5.150493
 0.552500 3.821455 -5.129179
 0.555000 3.808039 -5.493610
 0.557500 3.793123 -6.315952
 0.560000 3.775579 -7.596785
 0.562500 3.754381 -9.214058
 0.565000 3.728881 -11.004799
 0.567500 3.698854 -12.803654
 0.570000 3.664485 -14.468585
 0.572500 3.626231 -15.893913
 0.575000 3.584785 -16.999509
 0.577500 3.541019 -17.751163
 0.580000 3.495848 -18.120056
 0.582500 3.450230 -18.111569
 0.585000 3.405071 -17.780241
 0.587500 3.361036 -17.229396
 0.590000 3.318491 -16.623460
 0.592500 3.277333 -16.137682
 0.595000 3.237056 -15.921937
 0.597500 3.196898 -16.069733
 0.600000 3.155940 -16.530674
 0.602500 3.113558 -17.199016
 0.605000 3.069433 -17.885557
 0.607500 3.023748 -18.423139
 0.610000 2.977026 -18.714148
 0.612500 2.929906 -18.761356
 0.615000 2.882870 -18.648364
 0.617500 2.836171 -18.528343
 0.620000 2.789657 -18.520917
 0.622500 2.742946 -18.683081
 0.625000 2.695638 -18.988049
 0.627500 2.647504 -19.348973
 0.630000 2.598533 -19.637134
 0.632500 2.549020 -19.759576
 0.635000 2.499417 -19.706575
 0.637500 2.450139 -19.521136
 0.640000 2.401390 -19.296093
 0.642500 2.353147 -19.132570
 0.645000 2.305168 -19.099538
 0.647500 2.257102 -19.200360
 0.650000 2.208670 -19.393227
 0.652500 2.159726 -19.594469
 0.655000 2.110349 -19.729286
 0.657500 2.060765 -19.761298
 0.660000 2.011237 -19.684694
 0.662500 1.962001 -19.535904
 0.665000 1.913193 -19.345454
 0.667500 1.864913 -19.117986
 0.670000 1.817285 -18.828898
 0.672500 1.770503 -18.427948
 0.675000 1.724895 -17.892294
 0.677500 1.680793 -17.232824
 0.680000 1.638432 -16.517312
 0.682500 1.597836 -15.849958
 0.685000 1.558742 -15.324027
 0.687500 1.520702 -15.008549
 0.690000 1.483172 -14.911333
 0.692500 1.445680 -14.981785
 0.695000 1.407906 -15.111893
 0.697500 1.369852 -15.195764
 0.700000 1.331765 -15.133384
 0.702500 1.294083 -14.859527
 0.705000 1.257347 -14.376398
 0.707500 1.222032 -13.744621
 0.710000 1.188393 -13.059745
 0.712500 1.156412 -12.449747
 0.715000 1.125743 -12.018888
 0.717500 1.095851 -11.843587
 0.720000 1.066083 -11.916763
 0.722500 1.035882 -12.172205
 0.725000 1.004934 -12.493336
 0.727500 0.973236 -12.752411
 0.730000 0.941089 -12.840316
 0.732500 0.909014 -12.688633
 0.735000 0.877635 -12.295045
 0.737500 0.847503 -11.701602
 0.740000 0.819015 -10.999834
 0.742500 0.792319 -10.295384
 0.745000 0.767279 -9.678927
 0.747500 0.743589 -9.228188
 0.750000 0.720801 -8.966804
 0.752500 0.698452 -8.873191
 0.755000 0.676176 -8.892056
 0.757500 0.653788 -8.949639
 0.760000 0.631285 -8.974670
 0.762500 0.608830 -8.906686
 0.765000 0.586700 -8.714051
 0.767500 0.565214 -8.398601
 0.770000 0.544647 -7.986072
 0.772500 0.525183 -7.524914
 0.775000 0.506884 -7.063969
 0.777500 0.489701 -6.644075
 0.780000 0.473488 -6.289194
 0.782500 0.458066 -6.015758
 0.785000 0.443231 -5.824451
 0.787500 0.428766 -5.714026
 0.790000 0.414477 -5.685613
 0.792500 0.400162 -5.728732
 0.795000 0.385684 -5.817934
 0.797500 0.370973 -5.907173
 0.800000 0.356091 -5.947931
 0.802500 0.341216 -5.891995
 0.805000 0.326629 -5.720182
 0.807500 0.312619 -5.442051
 0.810000 0.299397 -5.096669
 0.812500 0.287068 -4.742084
 0.815000 0.275583 -4.425817
 0.817500 0.264805 -4.180671
 0.820000 0.254548 -4.003698
 0.822500 0.244665 -3.878133
 0.825000 0.235073 -3.771656
 0.827500 0.225753 -3.653810
 0.830000 0.216759 -3.509834
 0.832500 0.208163 -3.340432
 0.835000 0.200014 -3.148600
 0.837500 0.192352 -2.959572
 0.840000 0.185146 -2.788899
 0.842500 0.178324 -2.653918
 0.845000 0.171785 -2.568113
 0.847500 0.165403 -2.524994
 0.850000 0.159091 -2.511044
 0.852500 0.152806 -2.498986
 0.855000 0.146576 -2.459753
 0.857500 0.140493 -2.381299
 0.860000 0.134658 -2.267792
 0.862500 0.129128 -2.140295
 0.865000 0.123903 -2.031957
 0.867500 0.118895 -1.968692
 0.870000 0.113978 -1.963363
 0.872500 0.109013 -1.999483
 0.875000 0.103929 -2.053050
 0.877500 0.098725 -2.093025
 0.880000 0.093469 -2.095522
 0.882500 0.088265 -2.050281
 0.885000 0.083222 -1.964753
 0.887500 0.078428 -1.858425
 0.890000 0.073907 -1.748007
 0.892500 0.069649 -1.648124
 0.895000 0.065624 -1.567303
 0.897500 0.061777 -1.503484
 0.900000 0.058073 -1.454942
 0.902500 0.054480 -1.414517
 0.905000 0.050981 -1.377452
 0.907500 0.047572 -1.339751
 0.910000 0.044262 -1.299809
 0.912500 0.041059 -1.252862
 0.915000 0.037985 -1.195633
 0.917500 0.035075 -1.124020
 0.920000 0.032368 -1.034464
 0.922500 0.029906 -0.927369
 0.925000 0.027725 -0.810635
 0.927500 0.025834 -0.698571
 0.930000 0.024204 -0.605777
 0.932500 0.022768 -0.543963
 0.935000 0.021442 -0.518294
 0.937500 0.020140 -0.523273
 0.940000 0.018803 -0.545731
 0.942500 0.017403 -0.567276
 0.945000 0.015965 -0.575611
 0.947500 0.014533 -0.564247
 0.950000 0.013155 -0.532805
 0.952500 0.011873 -0.489455
 0.955000 0.010703 -0.443550
 0.957500 0.009642 -0.403810
 0.960000 0.008669 -0.374003
 0.962500 0.007761 -0.352784
 0.965000 0.006900 -0.334783
 0.967500 0.006085 -0.315284
 0.970000 0.005325 -0.289586
 0.972500 0.004639 -0.256080
 0.975000 0.004045 -0.216783
 0.977500 0.003553 -0.175520
 0.980000 0.003161 -0.138173
 0.982500 0.002852 -0.109363
 0.985000 0.002601 -0.092283
 0.987500 0.002379 -0.087064
 0.990000 0.002157 -0.090803
 0.992500 0.001919 -0.099045
 0.995000 0.001660 -0.106991
 0.997500 0.001386 -0.110776
 1.000000 0.001110 -0.107968
 1.002500 0.000850 -0.098659
 1.005000 0.000620 -0.084081
 1.007500 0.000430 -0.067048
 1.010000 0.000284 -0.050257
 1.012500 0.000177 -0.035253
 1.015000 0.000105 -0.023172
 1.017500 0.000058 -0.014185
 1.020000 0.000031 -0.008226
 1.022500 0.000016 -0.004475
 1.025000 0.000007 -0.002137
 1.027500 0.000003 -0.000941
 1.030000 0.000001 -0.000322
 1.032500 0.000000 -0.000142
 1.035000 0.000000 0.000000
 1.037500 0.000000 0.000000
 1.040000 0.000000 0.000000
 1.042500 0.000000 0.000000
 1.045000 0.000000 0.000000
 1.047500 0.000000 0.000000
 1.050000 0.000000 0.000000
 1.052500 0.000000 0.000000
 1.055000 0.000000 0.000000
 1.057500 0.000000 0.000000
 1.060000 0.000000 0.000000
 1.062500 0.000000 0.000000
 1.065000 0.000000 0.000000
 1.067500 0.000000 0.000000
 1.070000 0.000000 0.000000
 1.072500 0.000000 0.000000
 1.075000 0.000000 0.000000
 1.077500 0.000000 0.000000
 1.080000 0.000000 0.000000
 1.082500 0.000000 0.000000
 1.085000 0.000000 0.000000
 1.087500 0.000000 0.000000
 1.090000 0.000000 0.000000
 1.092500 0.000000 0.000000
 1.095000 0.000000 0.000000
 1.097500 0.000000 0.000000
 1.100000 0.000000 0.000000
 1.102500 0.000000 0.000000
 1.105000 0.000000 0.000000
 1.107500 0.000000 0.000000
 1.110000 0.000000 0.000000
 1.112500 0.000000 0.000000
 1.115000 0.000000 0.000000
 1.117500 0.000000 0.000000
 1.120000 0.000000 0.000000
 1.122500 0.000000 0.000000
 1.125000 0.000000 0.000000
 1.127500 0.000000 0.000000
 1.130000 0.000000 0.000000
 1.132500 0.000000 0.000000
 1.135000 0.000000 0.000000
 1.137500 0.000000 0.000000
 1.140000 0.000000 0.000000
 1.142500 0.000000 0.000000
 1.145000 0.000000 0.000000
 1.147500 0.000000 0.000000
 1.150000 0.000000 0.000000
 1.152500 0.000000 0.000000
 1.155000 0.000000 0.000000
 1.157500 0.000000 0.000000
 1.160000 0.000000 0.000000
 1.162500 0.000000 0.000000
 1.165000 0.000000 0.000000
 1.167500 0.000000 0.000000
 1.170000 0.000000 0.000000
 1.172500 0.000000 0.000000
 1.175000 0.000000 0.000000
 1.177500 0.000000 0.000000
 1.180000 0.000000 0.000000
 1.182500 0.000000 0.000000
 1.185000 0.000000 0.000000
 1.187500 0.000000 0.000000
 1.190000 0.000000 0.000000
 1.192500 0.000000 0.000000
 1.195000 0.000000 0.000000
 1.197500 0.000000 0.000000
 1.200000 0.000000 0.000000
 1.202500 0.000000 0.000000
 1.205000 0.000000 0.000000
 1.207500 0.000000 0.000000
 1.210000 0.000000 0.000000
 1.212500 0.000000 0.000000
 1.215000 0.000000 0.000000
 1.217500 0.000000 0.000000
 1.220000 0.000000 0.000000
 1.222500 0.000000 0.000000
 1.225000 0.000000 0.000000
 1.227500 0.000000 0.000000
 1.230000 0.000000 0.000000
 1.232500 0.000000 0.000000
 1.235000 0.000000 0.000000
 1.237500 0.000000 0.000000
 1.240000 0.000000 0.000000
 1.242500 0.000000 0.000000
 1.245000 0.000000 0.000000
 1.247500 0.000000 0.000000
 1.250000 0.000000 0.000000
 1.252500 0.000000 0.000000
 1.255000 0.000000 0.000000
 1.257500 0.000000 0.000000
 1.260000 0.000000 0.000000
 1.262500 0.000000 0.000000
 1.265000 0.000000 0.000000
 1.267500 0.000000 0.000000
 1.270000 0.000000 0.000000
 1.272500 0.000000 0.000000
 1.275000 0.000000 0.000000
 1.277500 0.000000 0.000000
 1.280000 0.000000 0.000000
 1.282500 0.000000 0.000000
 1.285000 0.000000 0.000000
 1.287500 0.000000 0.000000
 1.290000 0.000000 0.000000
 1.292500 0.000000 0.000000
 1.295000 0.000000 0.000000
 1.297500 0.000000 0.000000
 1.300000 0.000000 0.000000
 1.302500 0.000000 0.000000
 1.305000 0.000000 0.000000
 1.307500 0.000000 0.000000
 1.310000 0.000000 0.000000
 1.312500 0.000000 0.000000
 1.315000 0.000000 0.000000
 1.317500 0.000000 0.000000
 1.320000 0.000000 0.000000
 1.322500 0.000000 0.000000
 1.325000 0.000000 0.000000
 1.327500 0.000000 0.000000
 1.330000 0.000000 0.000000
 1.332500 0.000000 0.000000
 1.335000 0.000000 0.000000
 1.337500 0.000000 0.000000
 1.340000 0.000000 0.000000
 1.342500 0.000000 0.000000
 1.345000 0.000000 0.000000
 1.347500 0.000000 0.000000
 1.350000 0.000000 0.000000
 1.352500 0.000000 0.000000
 1.355000 0.000000 0.000000
 1.357500 0.000000 0.000000
 1.360000 0.000000 0.000000
 1.362500 0.000000 0.000000
 1.365000 0.000000 0.000000
 1.367500 0.000000 0.000000
 1.370000 0.000000 0.000000
 1.372500 0.000000 0.000000
 1.375000 0.000000 0.000000
 1.377500 0.000000 0.000000
 1.380000 0.000000 0.000000
 1.382500 0.000000 0.000000
 1.385000 0.000000 0.000000
 1.387500 0.000000 0.000000
 1.390000 0.000000 0.000000
 1.392500 0.000000 0.000000
 1.395000 0.000000 0.000000
 1.397500 0.000000 0.000000
 1.400000 0.000000 0.000000
 1.402500 0.000000 0.000000
 1.405000 0.000000 0.000000
 1.407500 0.000000 0.000000
 1.410000 0.000000 0.000000
 1.412500 0.000000 0.000000
 1.415000 0.000000 0.000000
 1.417500 0.000000 0.000000
 1.420000 0.000000 0.000000
 1.422500 0.000000 0.000000
 1.425000 0.000000 0.000000
 1.427500 0.000000 0.000000
 1.430000 0.000000 0.000000
 1.432500 0.000000 0.000000
 1.435000 0.000000 0.000000
 1.437500 0.000000 0.000000
 1.440000 0.000000 0.000000
 1.442500 0.000000 0.000000
 1.445000 0.000000 0.000000
 1.447500 0.000000 0.000000
 1.450000 0.000000 0.000000
 1.452500 0.000000 0.000000
 1.455000 0.000000 0.000000
 1.457500 0.000000 0.000000
 1.460000 0.000000 0.000000
 1.462500 0.000000 0.000000
 1.465000 0.000000 0.000000
 1.467500 0.000000 0.000000
 1.470000 0.000000 0.000000
 1.472500 0.000000 0.000000
 1.475000 0.000000 0.000000
 1.477500 0.000000 0.000000
 1.480000 0.000000 0.000000
 1.482500 0.000000 0.000000
 1.485000 0.000000 0.000000
 1.487500 0.000000 0.000000
 1.490000 0.000000 0.000000
 1.492500 0.000000 0.000000
 1.495000 0.000000 0.000000
 1.497500 0.000000 0.000000
 1.500000 0.000000 0.000000
 1.502500 0.000000 0.000000
 1.505000 0.000000 0.000000
 1.507500 0.000000 0.000000
 1.510000 0.000000 0.000000
 1.512500 0.000000 0.000000
 1.515000 0.000000 0.000000
 1.517500 0.000000 0.000000
 1.520000 0.000000 0.000000
 1.522500 0.000000 0.000000
 1.525000 0.000000 0.000000
 1.527500 0.000000 0.000000
 1.530000 0.000000 0.000000
 1.532500 0.000000 0.000000
 1.535000 0.000000 0.000000
 1.537500 0.000000 0.000000
 1.540000 0.000000 0.000000
 1.542500 0.000000 0.000000
 1.545000 0.000000 0.000000
 1.547500 0.000000 0.000000
 1.550000 0.000000 0.000000
 1.552500 0.000000 0.000000
 1.555000 0.000000 0.000000
 1.557500 0.000000 0.000000
 1.560000 0.000000 0.000000
 1.562500 0.000000 0.000000
 1.565000 0.000000 0.000000
 1.567500 0.000000 0.000000
 1.570000 0.000000 0.000000
 1.572500 0.000000 0.000000
 1.575000 0.000000 0.000000
 1.577500 0.000000 0.000000
 1.580000 0.000000 0.000000
 1.582500 0.000000 0.000000
 1.585000 0.000000 0.000000
 1.587500 0.000000 0.000000
 1.590000 0.000000 0.000000
 1.592500 0.000000 0.000000
 1.595000 0.000000 0.000000
 1.597500 0.000000 0.000000
 1.600000 0.000000 0.000000
 1.602500 0.000000 0.000000
 1.605000 0.000000 0.000000
 1.607500 0.000000 0.000000
 1.610000 0.000000 0.000000
 1.612500 0.000000 0.000000
 1.615000 0.000000 0.000000
 1.617500 0.000000 0.000000
 1.620000 0.000000 0.000000
 1.622500 0.000000 0.000000
 1.625000 0.000000 0.000000
 1.627500 0.000000 0.000000
 1.630000 0.000000 0.000000
 1.632500 0.000000 0.000000
 1.635000 0.000000 0.000000
 1.637500 0.000000 0.000000
 1.640000 0.000000 0.000000
 1.642500 0.000000 0.000000
 1.645000 0.000000 0.000000
 1.647500 0.000000 0.000000
 1.650000 0.000000 0.000000
 1.652500 0.000000 0.000000
 1.655000 0.000000 0.000000
 1.657500 0.000000 0.000000
 1.660000 0.000000 0.000000
 1.662500 0.000000 0.000000
 1.665000 0.000000 0.000000
 1.667500 0.000000 0.000000
 1.670000 0.000000 0.000000
 1.672500 0.000000 0.000000
 1.675000 0.000000 0.000000
 1.677500 0.000000 0.000000
 1.680000 0.000000 0.000000
 1.682500 0.000000 0.000000
 1.685000 0.000000 0.000000
 1.687500 0.000000 0.000000
 1.690000 0.000000 0.000000
 1.692500 0.000000 0.000000
 1.695000 0.000000 0.000000
 1.697500 0.000000 0.000000
 1.700000 0.000000 0.000000
 1.702500 0.000000 0.000000
 1.705000 0.000000 0.000000
 1.707500 0.000000 0.000000
 1.710000 0.000000 0.000000
 1.712500 0.000000 0.000000
 1.715000 0.000000 0.000000
 1.717500 0.000000 0.000000
 1.720000 0.000000 0.000000
 1.722500 0.000000 0.000000
 1.725000 0.000000 0.000000
 1.727500 0.000000 0.000000
 1.730000 0.000000 0.000000
 1.732500 0.000000 0.000000
 1.735000 0.000000 0.000000
 1.737500 0.000000 0.000000
 1.740000 0.000000 0.000000
 1.742500 0.000000 0.000000
 1.745000 0.000000 0.000000
 1.747500 0.000000 0.000000
 1.750000 0.000000 0.000000
 1.752500 0.000000 0.000000
 1.755000 0.000000 0.000000
 1.757500 0.000000 0.000000
 1.760000 0.000000 0.000000
 1.762500 0.000000 0.000000
 1.765000 0.000000 0.000000
 1.767500 0.000000 0.000000
 1.770000 0.000000 0.000000
 1.772500 0.000000 0.000000
 1.775000 0.000000 0.000000
 1.777500 0.000000 0.000000
 1.780000 0.000000 0.000000
 1.782500 0.000000 0.000000
 1.785000 0.000000 0.000000
 1.787500 0.000000 0.000000
 1.790000 0.000000 0.000000
 1.792500 0.000000 0.000000
 1.795000 0.000000 0.000000
 1.797500 0.000000 0.000000
 1.800000 0.000000 0.000000
 1.802500 0.000000 0.000000
 1.805000 0.000000 0.000000
 1.807500 0.000000 0.000000
 1.810000 0.000000 0.000000
 1.812500 0.000000 0.000000
 1.815000 0.000000 0.000000
 1.817500 0.000000 0.000000
 1.820000 0.000000 0.000000
 1.822500 0.000000 0.000000
 1.825000 0.000000 0.000000
 1.827500 0.000000 0.000000
 1.830000 0.000000 0.000000
 1.832500 0.000000 0.000000
 1.835000 0.000000 0.000000
 1.837500 0.000000 0.000000
 1.840000 0.000000 0.000000
 1.842500 0.000000 0.000000
 1.845000 0.000000 0.000000
 1.847500 0.000000 0.000000
 1.850000 0.000000 0.000000
 1.852500 0.000000 0.000000
 1.855000 0.000000 0.000000
 1.857500 0.000000 0.000000
 1.860000 0.000000 0.000000
 1.862500 0.000000 0.000000
 1.865000 0.000000 0.000000
 1.867500 0.000000 0.000000
 1.870000 0.000000 0.000000
 1.872500 0.000000 0.000000
 1.875000 0.000000 0.000000
 1.877500 0.000000 0.000000
 1.880000 0.000000 0.000000
 1.882500 0.000000 0.000000
 1.885000 0.000000 0.000000
 1.887500 0.000000 0.000000
 1.890000 0.000000 0.000000
 1.892500 0.000000 0.000000
 1.895000 0.000000 0.000000
 1.897500 0.000000 0.000000
 1.900000 0.000000 0.000000
 1.902500 0.000000 0.000000
 1.905000 0.000000 0.000000
 1.907500 0.000000 0.000000
 1.910000 0.000000 0.000000
 1.912500 0.000000 0.000000
 1.915000 0.000000 0.000000
 1.917500 0.000000 0.000000
 1.920000 0.000000 0.000000
 1.922500 0.000000 0.000000
 1.925000 0.000000 0.000000
 1.927500 0.000000 0.000000
 1.930000 0.000000 0.000000
 1.932500 0.000000 0.000000
 1.935000 0.000000 0.000000
 1.937500 0.000000 0.000000
 1.940000 0.000000 0.000000
 1.942500 0.000000 0.000000
 1.945000 0.000000 0.000000
 1.947500 0.000000 0.000000
 1.950000 0.000000 0.000000
 1.952500 0.000000 0.000000
 1.955000 0.000000 0.000000
 1.957500 0.000000 0.000000
 1.960000 0.000000 0.000000
 1.962500 0.000000 0.000000
 1.965000 0.000000 0.000000
 1.967500 0.000000 0.000000
 1.970000 0.000000 0.000000
 1.972500 0.000000 0.000000
 1.975000 0.000000 0.000000
 1.977500 0.000000 0.000000
 1.980000 0.000000 0.000000
 1.982500 0.000000 0.000000
 1.985000 0.000000 0.000000
 1.987500 0.000000 0.000000
 1.990000 0.000000 0.000000
 1.992500 0.000000 0.000000
 1.995000 0.000000 0.000000
 1.997500 0.000000 0.000000
 2.000000 0.000000 0.000000
