0.000000000000000000e+00 0.000000000000000000e+00
6.448374920000000010e+00 -2.626933689999999891e-02
7.176425369999999582e+00 -2.943516649999999846e-02
7.931855670000000025e+00 -3.281500770000000261e-02
8.687260600000000110e+00 -3.622041510000000020e-02
9.442766960000000154e+00 -3.952355800000000030e-02
1.019822259999999936e+01 -4.287783309999999848e-02
1.095370360000000076e+01 -4.620654209999999762e-02
1.170923529999999957e+01 -4.948411889999999869e-02
1.246464029999999923e+01 -5.288952630000000321e-02
1.322027339999999995e+01 -5.606483859999999986e-02
1.397600790000000082e+01 -5.913788639999999902e-02
1.473174249999999930e+01 -6.221093419999999818e-02
1.548747700000000016e+01 -6.528398200000000429e-02
1.624321159999999864e+01 -6.835702979999999651e-02
1.699902219999999886e+01 -7.135337919999999723e-02
1.775493420000000100e+01 -7.424746420000000180e-02
1.851071950000000044e+01 -7.726937970000000155e-02
1.926670760000000016e+01 -8.008676630000000074e-02
2.002259430000000151e+01 -8.300641740000000435e-02
2.077855699999999928e+01 -8.584937010000000257e-02
2.153451980000000177e+01 -8.869232280000000079e-02
2.229055860000000067e+01 -9.145857709999999363e-02
2.304662270000000035e+01 -9.419926539999999571e-02
2.380263619999999847e+01 -9.699108580000000146e-02
2.455880180000000124e+01 -9.962950959999999911e-02
2.531491670000000127e+01 -1.023190660000000002e-01
2.607105689999999854e+01 -1.049830550000000057e-01
2.682727320000000049e+01 -1.075703469999999967e-01
2.758354020000000162e+01 -1.101065060000000068e-01
2.833978180000000080e+01 -1.126682319999999932e-01
2.909609950000000111e+01 -1.151532589999999939e-01
2.985246799999999823e+01 -1.175871529999999998e-01
3.060881099999999932e+01 -1.200466139999999959e-01
3.136525549999999996e+01 -1.224038110000000013e-01
3.212169999999999703e+01 -1.247610069999999932e-01
3.287816980000000200e+01 -1.270926370000000083e-01
3.363469039999999666e+01 -1.293731350000000002e-01
3.439126159999999999e+01 -1.316025010000000106e-01
3.514790899999999851e+01 -1.337551690000000071e-01
3.590450560000000024e+01 -1.359589680000000134e-01
3.666125430000000307e+01 -1.380093709999999918e-01
3.741800309999999996e+01 -1.400597739999999980e-01
3.817475180000000279e+01 -1.421101770000000042e-01
3.893152589999999691e+01 -1.441350140000000057e-01
3.968832539999999653e+01 -1.461342850000000027e-01
4.044525159999999886e+01 -1.480057250000000046e-01
4.120220319999999958e+01 -1.498515990000000020e-01
4.195920550000000304e+01 -1.516463399999999906e-01
4.271620779999999939e+01 -1.534410820000000064e-01
4.347331150000000122e+01 -1.551335590000000042e-01
4.423044050000000027e+01 -1.568004699999999974e-01
4.498762030000000323e+01 -1.584162490000000090e-01
4.574482549999999748e+01 -1.600064619999999882e-01
4.650210659999999763e+01 -1.615199760000000095e-01
4.725941319999999735e+01 -1.630079249999999980e-01
4.801682120000000253e+01 -1.643936079999999966e-01
4.877417839999999671e+01 -1.658304250000000035e-01
4.953163709999999753e+01 -1.671649759999999929e-01
5.028919719999999671e+01 -1.683972629999999915e-01
5.104675730000000300e+01 -1.696295499999999901e-01
5.180436809999999781e+01 -1.708107050000000071e-01
5.256205500000000086e+01 -1.719151610000000108e-01
5.331976720000000114e+01 -1.729940520000000093e-01
5.407755550000000255e+01 -1.739962439999999944e-01
5.483539449999999960e+01 -1.749473029999999985e-01
5.559333490000000211e+01 -1.757960990000000112e-01
5.635127529999999751e+01 -1.766448939999999967e-01
5.710931719999999956e+01 -1.773914249999999915e-01
5.786733370000000320e+01 -1.781635219999999908e-01
5.862547690000000244e+01 -1.788077879999999953e-01
5.938369629999999688e+01 -1.793753560000000136e-01
6.014199159999999722e+01 -1.798662249999999907e-01
6.090028699999999873e+01 -1.803570949999999951e-01
6.165868379999999860e+01 -1.807457000000000091e-01
6.241702990000000284e+01 -1.811854370000000047e-01
6.317570570000000174e+01 -1.812928149999999961e-01
6.393402640000000048e+01 -1.817581179999999963e-01
6.452032309999999882e+01 -1.817934459999999974e-01
