5.626299999999999635e-01 -3.160000000000000048e-03
1.776669999999999972e+00 -8.510000000000000203e-03
2.990870000000000140e+00 -1.409999999999999969e-02
4.205079999999999707e+00 -1.968999999999999917e-02
5.419260000000000410e+00 -2.523999999999999855e-02
6.633569999999999744e+00 -3.099999999999999978e-02
7.847719999999999807e+00 -3.651000000000000079e-02
9.061899999999999622e+00 -4.206000000000000016e-02
1.027610999999999919e+01 -4.766000000000000097e-02
1.149030999999999914e+01 -5.324999999999999872e-02
1.270445999999999920e+01 -5.875999999999999973e-02
1.391869999999999941e+01 -6.439000000000000279e-02
1.513288000000000011e+01 -6.994999999999999829e-02
1.634704999999999941e+01 -7.549999999999999767e-02
1.756128999999999962e+01 -8.112999999999999379e-02
1.877533000000000030e+01 -8.648000000000000131e-02
1.998964000000000141e+01 -9.224000000000000254e-02
2.120356999999999914e+01 -9.742000000000000659e-02
2.241788999999999987e+01 -1.031799999999999939e-01
2.363181000000000154e+01 -1.083599999999999980e-01
2.484609999999999985e+01 -1.140700000000000047e-01
2.606006000000000000e+01 -1.193000000000000033e-01
2.727422999999999931e+01 -1.248500000000000026e-01
2.848833000000000126e+01 -1.302800000000000069e-01
2.970224999999999937e+01 -1.354599999999999971e-01
3.084900999999999982e+01 -1.402400000000000035e-01
3.213022000000000133e+01 -1.459900000000000087e-01
3.332171000000000305e+01 -1.503800000000000137e-01
3.435220000000000340e+01 -1.548799999999999899e-01
3.552004999999999768e+01 -1.599500000000000088e-01
3.682527999999999935e+01 -1.655800000000000050e-01
3.799313999999999680e+01 -1.706499999999999961e-01
3.950422999999999973e+01 -1.768500000000000072e-01
4.087794999999999845e+01 -1.824800000000000033e-01
4.245754000000000161e+01 -1.886799999999999866e-01
4.396862999999999744e+01 -1.948799999999999977e-01
4.527347000000000321e+01 -1.999499999999999889e-01
4.650981999999999772e+01 -2.050200000000000078e-01
4.774616999999999933e+01 -2.100899999999999990e-01
4.890261000000000280e+01 -2.149099999999999899e-01
5.011616000000000071e+01 -2.195499999999999952e-01
5.126357000000000141e+01 -2.240099999999999869e-01
5.254332999999999743e+01 -2.289200000000000124e-01
5.375686000000000320e+01 -2.335299999999999876e-01
5.497037000000000262e+01 -2.381000000000000061e-01
5.618381999999999721e+01 -2.425900000000000001e-01
5.739726000000000283e+01 -2.470700000000000118e-01
5.861063000000000045e+01 -2.514299999999999868e-01
5.982404999999999973e+01 -2.558799999999999963e-01
6.103732000000000113e+01 -2.601200000000000179e-01
6.225063000000000102e+01 -2.644000000000000239e-01
6.346385000000000076e+01 -2.685500000000000109e-01
6.423574999999999591e+01 -2.709699999999999886e-01
