2.600000000000000000e+02
2.609090909090909349e+02
2.618181818181818130e+02
2.627272727272727479e+02
2.636363636363636260e+02
2.645454545454545610e+02
2.654545454545454390e+02
2.663636363636363740e+02
2.672727272727272521e+02
2.681818181818181870e+02
2.690909090909090651e+02
2.700000000000000000e+02
2.709090909090909349e+02
2.718181818181818130e+02
2.727272727272727479e+02
2.736363636363636260e+02
2.745454545454545610e+02
2.754545454545454390e+02
2.763636363636363740e+02
2.772727272727272521e+02
2.781818181818181870e+02
2.790909090909090651e+02
2.800000000000000000e+02
2.809090909090909349e+02
2.818181818181818130e+02
2.827272727272727479e+02
2.836363636363636260e+02
2.845454545454545610e+02
2.854545454545454390e+02
2.863636363636363740e+02
2.872727272727272521e+02
2.881818181818181870e+02
2.890909090909090651e+02
2.900000000000000000e+02
2.909090909090908781e+02
2.918181818181818130e+02
2.927272727272727479e+02
2.936363636363636260e+02
2.945454545454545610e+02
2.954545454545454390e+02
2.963636363636363740e+02
2.972727272727272521e+02
2.981818181818181870e+02
2.990909090909090651e+02
3.000000000000000000e+02
3.009090909090908781e+02
3.018181818181818130e+02
3.027272727272727479e+02
3.036363636363636260e+02
3.045454545454545610e+02
3.054545454545454390e+02
3.063636363636363740e+02
3.072727272727272521e+02
3.081818181818181870e+02
3.090909090909090651e+02
3.100000000000000000e+02
3.109090909090908781e+02
3.118181818181818130e+02
3.127272727272727479e+02
3.136363636363636260e+02
3.145454545454545610e+02
3.154545454545454390e+02
3.163636363636363740e+02
3.172727272727272521e+02
3.181818181818181870e+02
3.190909090909090651e+02
3.200000000000000000e+02
