-9.047219922325900887e-01
-8.972931761358646785e-01
-8.898704867524659390e-01
-8.823337158974398076e-01
-8.745806019001702847e-01
-8.665266238044859737e-01
-8.581048756027549462e-01
-8.492651193727475123e-01
-8.399719195376026404e-01
-8.302037293396209439e-01
-8.199528058506276862e-01
-8.092250506809119948e-01
-7.980392362581432142e-01
-7.864198530982335900e-01
-7.743900446981035746e-01
-7.619709835470849235e-01
-7.491818907978412545e-01
-7.360400556437913799e-01
-7.225608544494646068e-01
-7.087577696267833849e-01
-6.946424082643629649e-01
-6.802245205132690931e-01
-6.655120177330879905e-01
-6.505110643941164339e-01
-6.352269063134881044e-01
-6.196646892883128643e-01
-6.038295336354569942e-01
-5.877265344365452115e-01
-5.713607617798430738e-01
-5.547372609990379733e-01
-5.378610529090104286e-01
-5.207371340386000025e-01
-5.033704768604536639e-01
-4.857660300179664770e-01
-4.679287185493914425e-01
-4.498634441091308722e-01
-4.315750851862849569e-01
-4.130684973204802879e-01
-3.943485133150198552e-01
-3.754199434474149721e-01
-3.562875756773118963e-01
-3.369561758518744288e-01
-3.174304879086508602e-01
-2.977152340759777749e-01
-2.778151150709248784e-01
-2.577348102948660569e-01
-2.374789780266640948e-01
-2.170522556135497383e-01
-1.964592596596904661e-01
-1.757045862125042601e-01
-1.547928109467601732e-01
-1.337284893464685265e-01
-1.125161568846348437e-01
-9.116032920086349078e-02
-6.966550227688260433e-02
-4.803615260998827380e-02
-2.627673738447584492e-02
-4.391694641045986933e-03
1.761455655575430018e-02
3.973761595204231695e-02
6.197310194102588488e-02
8.431665140132188485e-02
1.067639195371427457e-01
1.293105797203059903e-01
1.519523233340751844e-01
1.746848596187645375e-01
1.975039155191266604e-01
