9.584184455207387376e-01
9.582703715648041021e-01
9.581213123302011470e-01
9.579711832449243625e-01
9.578198424116124432e-01
9.576670911939687558e-01
9.575126928384170011e-01
9.573564013367847902e-01
9.571979932541428981e-01
9.570372965950841859e-01
9.568742125800261400e-01
9.567087281190451709e-01
9.565409185466519082e-01
9.563709416364164495e-01
9.561990249393196306e-01
9.560254490355726276e-01
9.558505293632763022e-01
9.556745989479382697e-01
9.554979937114809196e-01
9.553210412318312583e-01
9.551440530151409369e-01
9.549673196816926835e-01
9.547911080625112179e-01
9.546156591025634075e-01
9.544411856436540997e-01
9.542678695315842674e-01
9.540958579402454287e-01
9.539252592124405350e-01
9.537561387953931158e-01
9.535885159574837289e-01
9.534223619196218191e-01
9.532575998634151837e-01
9.530941070479415078e-01
9.529317190324259057e-01
9.527702358018745876e-01
9.526094294454685585e-01
9.524490529467951605e-01
9.522888496062918984e-01
9.521285626228938037e-01
9.519679444068001040e-01
9.518067652690337388e-01
9.516448212217542002e-01
9.514819407059728062e-01
9.513179901185306875e-01
9.511528780213620582e-01
9.509865578804723718e-01
9.508190291160054652e-01
9.506503361824216736e-01
9.504805653825495471e-01
9.503098391894398977e-01
9.501383080240506374e-01
9.499661397035782384e-01
9.497935070932382873e-01
9.496205748017069181e-01
9.494474859918948795e-01
9.492743504831779866e-01
9.491012352745071823e-01
9.489281584262848623e-01
9.487550869341931925e-01
9.485819388565579491e-01
9.484085895673938227e-01
9.482348816429990723e-01
9.480606375830398225e-01
9.478856743383926586e-01
9.477098184791612479e-01
9.475329207921433516e-01
9.473548691477787775e-01
9.471755986183838516e-01
9.469950980537427121e-01
9.468134126123000094e-01
9.466306420844610159e-01
9.464469351998734403e-01
9.462624804486953201e-01
9.460774942320340219e-01
9.458922073574351774e-01
9.457068509898668429e-01
9.455216431496989982e-01
9.453367767250682174e-01
9.451524097589490969e-01
9.449686585123356908e-01
9.447855935278816064e-01
9.446032386534963798e-01
9.444215727557927487e-01
9.442405336733636911e-01
9.440600238366737562e-01
9.438799169170848380e-01
9.437000648621608478e-01
9.435203047273117427e-01
9.433404648235116374e-01
9.431603698629265065e-01
9.429798449888726619e-01
9.427987188051341061e-01
9.426168257447246068e-01
9.424340083047555439e-01
9.422501197851793631e-01
9.420650281734871401e-01
9.418786216976400283e-01
9.416908163290246270e-01
9.415015651832130406e-01
9.413108693873922794e-01
