9.585070877222852115e-01
9.583523049152949946e-01
9.581979680769391328e-01
9.580436646145920054e-01
9.578890381161285772e-01
9.577337933029147488e-01
9.575776885528910487e-01
9.574205118747531884e-01
9.572620490436716256e-01
9.571020614661838177e-01
9.569402892065129729e-01
9.567764802488937237e-01
9.566104321527363341e-01
9.564420291612378833e-01
9.562712654794885969e-01
9.560982544027487595e-01
9.559232273711329997e-01
9.557465269409854969e-01
9.555685952731629573e-01
9.553899566755769124e-01
9.552111900297909353e-01
9.550328861213583931e-01
9.548555888086521781e-01
9.546797296903821728e-01
9.545055786500735717e-01
9.543332335706536940e-01
9.541626537244238815e-01
9.539937172942934973e-01
9.538262758552086273e-01
9.536601890759717204e-01
9.534953369765480913e-01
9.533316150468627015e-01
9.531689195441429563e-01
9.530071297115164652e-01
9.528460925001346338e-01
9.526856139536244994e-01
9.525254594993642909e-01
9.523653630803887715e-01
9.522050429640269709e-01
9.520442208989010613e-01
9.518826413478116422e-01
9.517200884765659730e-01
9.515563997677582986e-01
9.513914759649263475e-01
9.512252872536371973e-01
9.510578751991266566e-01
9.508893493007731790e-01
9.507198766244292498e-01
9.505496634935229894e-01
9.503789301303376957e-01
9.502078820970445427e-01
9.500366847928024550e-01
9.498654470493156365e-01
9.496942165233626110e-01
9.495229851854766201e-01
9.493517005980908197e-01
9.491802788481105146e-01
9.490086167563936970e-01
9.488366026757361071e-01
9.486641260022473654e-01
9.484910855147565822e-01
9.483173962132379620e-01
9.481429938385907974e-01
9.479678360493922762e-01
9.477918995944009106e-01
9.476151739123355178e-01
9.474376531865772444e-01
9.472593301687337597e-01
9.470801949744508397e-01
9.469002401185776518e-01
9.467194702227949010e-01
9.465379128082718196e-01
9.463556264354991976e-01
9.461727038537360857e-01
9.459892696770464404e-01
9.458054735133489821e-01
9.456214801402019754e-01
9.454374583842478641e-01
9.452535700924060702e-01
9.450699602099034147e-01
9.448867486384969760e-01
9.447040242903324003e-01
9.445218415689491387e-01
9.443402193469990769e-01
9.441591423018341755e-01
9.439785641664061311e-01
9.437984120664170140e-01
9.436185907488464641e-01
9.434389853491815803e-01
9.432594616034515322e-01
9.430798632024308681e-01
9.429000072102681207e-01
9.427196797722658950e-01
9.425386352257448808e-01
9.423566018477214090e-01
9.421732968368565775e-01
9.419884521008051737e-01
9.418018514365656957e-01
9.416133789003491295e-01
9.414230771784733998e-01
