9.579085633730002325e-01
9.579938048937133299e-01
9.581085570272586116e-01
9.582549006765032074e-01
9.584349840053421055e-01
9.586510055206960423e-01
9.589051922676742334e-01
9.591997723844835066e-01
9.595369413185708130e-01
9.599188211577045493e-01
9.603474128022547740e-01
9.608245411146155712e-01
9.613517937336005792e-01
9.619304549232468027e-01
9.625614366012488210e-01
9.632452094999679471e-01
9.639817381636848204e-01
9.647704240693694144e-01
9.656100614550914285e-01
9.664988103397330610e-01
9.674341906407752933e-01
9.684131002191405102e-01
9.694318581490569686e-01
9.704862726528472594e-01
9.715717311508473841e-01
9.726833079942502902e-01
9.738158839171965342e-01
9.749642702688994245e-01
9.761233307950454297e-01
9.772880941576554958e-01
9.784538514381971863e-01
9.796162343983523257e-01
9.807712720623763536e-01
9.819154250076804757e-01
9.830455984039500050e-01
9.841591361750857692e-01
9.852537995866113008e-01
9.863277340622277345e-01
9.873794281389227656e-01
9.884076682494044030e-01
9.894114925619573730e-01
9.903901465031009765e-01
9.913430419216874290e-01
9.922697211934512485e-01
9.931698269634499088e-01
9.940430777133828499e-01
9.948892489383238669e-01
9.957081594268039071e-01
9.964996619534456368e-01
9.972636376018115811e-01
9.979999929201854858e-01
9.987086591564867666e-01
9.993895929022856839e-01
1.000042777583419307e+00
1.000668225351681873e+00
1.001265979047119670e+00
1.001836114005126399e+00
1.002378739571426758e+00
1.002894000258146567e+00
1.003382076525048072e+00
1.003843185202561328e+00
1.004277579589990088e+00
1.004685549266186362e+00
1.005067419644629867e+00
1.005423551293642914e+00
1.005754339028673616e+00
1.006060210769921248e+00
1.006341626147255086e+00
1.006599074826940443e+00
1.006833074531983563e+00
1.007044168730261591e+00
1.007232923971661753e+00
1.007399926866590079e+00
1.007545780712267636e+00
1.007671101789029189e+00
1.007776515365051972e+00
1.007862651463249382e+00
1.007930140457425017e+00
1.007979608575247488e+00
1.008011673392641416e+00
1.008026939407472122e+00
1.008025993779950502e+00
1.008009402323307491e+00
1.007977705821439418e+00
1.007931416741075115e+00
1.007871016395232466e+00
1.007796952603096541e+00
1.007709637879521392e+00
1.007609448175763367e+00
1.007496722182166460e+00
1.007371761193598836e+00
1.007234829529636500e+00
1.007086155493750246e+00
1.006925932849054739e+00
1.006754322782267730e+00
1.006571456322360669e+00
1.006377437175679734e+00
1.006172344935092555e+00
1.005956238616883436e+00
1.005729160475758999e+00
