9.608612284290408700e-01
9.607704220007633467e-01
9.607177633134627026e-01
9.607073032064677998e-01
9.607434416729367932e-01
9.608308608136117979e-01
9.609743843303812927e-01
9.611787409559641171e-01
9.614482295098805142e-01
9.617863253770002618e-01
9.621953185919971396e-01
9.626760961348422851e-01
9.632281419009276480e-01
9.638497387172019204e-01
9.645382772885995326e-01
9.652905584560651508e-01
9.661030141299359331e-01
9.669718277740684265e-01
9.678929739055401882e-01
9.688622101338691950e-01
9.698750529679618371e-01
9.709267599559110451e-01
9.720123316343882713e-01
9.731265393945310871e-01
9.742639799207946094e-01
9.754191529491783585e-01
9.765865563708229224e-01
9.777607909983627721e-01
9.789366665606937801e-01
9.801093006683794240e-01
9.812742035172297150e-01
9.824273428052321400e-01
9.835651854816944706e-01
9.846847152381613677e-01
9.857834268066693051e-01
9.868592999229505169e-01
9.879107570921870085e-01
9.889366100038867735e-01
9.899359996011919405e-01
9.909083344982216879e-01
9.918532317720178959e-01
9.927704632616087821e-01
9.936599095105137502e-01
9.945215225005986648e-01
9.953552974326318470e-01
9.961612530749509586e-01
9.969394196625526172e-01
9.976898329953374223e-01
9.984125332443533063e-01
9.991075669992228736e-01
9.997749912378225412e-01
1.000414878125777340e+00
1.001027319815380956e+00
1.001612432675272224e+00
1.002170360617403500e+00
1.002701277381101042e+00
1.003205387779435798e+00
1.003682928012484599e+00
1.004134165211555629e+00
1.004559396406867533e+00
1.004958947116762591e+00
1.005333169746613908e+00
1.005682441964950824e+00
1.006007165196055375e+00
1.006307763333706529e+00
1.006584681740709586e+00
1.006838386554193887e+00
1.007069364269207457e+00
1.007278121525863712e+00
1.007465184982250017e+00
1.007631101121356787e+00
1.007776435820052274e+00
1.007901773505590182e+00
1.008007715742620380e+00
1.008094879131889776e+00
1.008163892460018696e+00
1.008215393116595360e+00
1.008250022889962239e+00
1.008268423368816391e+00
1.008271231320595263e+00
1.008259074604256567e+00
1.008232569427840897e+00
1.008192320108200812e+00
1.008138922941740345e+00
1.008072976259680287e+00
1.007995098763977193e+00
1.007905956315875873e+00
1.007806289704932468e+00
1.007696916947541377e+00
1.007578658324816523e+00
1.007452148992945107e+00
1.007317627399349380e+00
1.007174897164067939e+00
1.007023508233733766e+00
1.006862975104357627e+00
1.006692887292889083e+00
1.006512920054003724e+00
1.006322804421512451e+00
1.006122293862895534e+00
1.005911139959207334e+00
