9.549739894256106254e-01
9.552331903319385420e-01
9.555134850021285153e-01
9.558149867881069461e-01
9.561375931905448100e-01
9.564810187972958566e-01
9.568448919226365534e-01
9.572289360567012295e-01
9.576332370509844649e-01
9.580585551642155639e-01
9.585065912504829866e-01
9.589800947677146192e-01
9.594827415274491678e-01
9.600187995584418266e-01
9.605926824901563910e-01
9.612085099743739036e-01
9.618697571754073472e-01
9.625790210087526999e-01
9.633378928075544412e-01
9.641469128341071393e-01
9.650055831966087849e-01
9.659124222430292006e-01
9.668650495366316600e-01
9.678602941784490987e-01
9.688943207190495732e-01
9.699627670507181554e-01
9.710608883292108917e-01
9.721837007298392841e-01
9.733261190082339587e-01
9.744830824971637551e-01
9.756496652566477579e-01
9.768211674491836805e-01
9.779931864530380103e-01
9.791616675885268517e-01
9.803229354907397886e-01
9.814737080434884353e-01
9.826110953684835669e-01
9.837325866560224785e-01
9.848360276722504247e-01
9.859195916422820449e-01
9.869817459507612689e-01
9.880212167785674682e-01
9.890369534505024651e-01
9.900280939329114682e-01
9.909939326064938214e-01
9.919338911514122836e-01
9.928474931165903739e-01
9.937343424993899665e-01
9.945941064351034866e-01
9.954265018914767449e-01
9.962312860888654642e-01
9.970082502298739380e-01
9.977572160299653659e-01
9.984780344953538833e-01
9.991705863940003596e-01
9.998347839025994999e-01
1.000470572976108530e+00
1.001077936064288965e+00
1.001656894879794368e+00
1.002207512995028527e+00
1.002729898103873918e+00
1.003224203827292493e+00
1.003690630969833242e+00
1.004129428151322001e+00
1.004540891749927445e+00
1.004925365105076684e+00
1.005283236945945680e+00
1.005614939036012956e+00
1.005920943056614947e+00
1.006201756790165547e+00
1.006457919702526738e+00
1.006689998058578617e+00
1.006898579730059362e+00
1.007084268865641175e+00
1.007247680586801586e+00
1.007389435847448445e+00
1.007510156549156211e+00
1.007610460935504548e+00
1.007690959194174507e+00
1.007752249065602124e+00
1.007794911076764777e+00
1.007819502764828234e+00
1.007826550900448259e+00
1.007816540255152882e+00
1.007789896974123023e+00
1.007746964571356818e+00
1.007687972464986093e+00
1.007613004590766970e+00
1.007521994587364134e+00
1.007414799364502178e+00
1.007291386222023633e+00
1.007152045270176322e+00
1.006997429460022353e+00
1.006828376371647016e+00
1.006645693907366912e+00
1.006450054643192926e+00
1.006241990766117311e+00
1.006021930433587563e+00
1.005790238174933737e+00
1.005547246824253449e+00
