9.583298197128389262e-01
9.581884522227316348e-01
9.580446688473869266e-01
9.578987128416701635e-01
9.577506567034519414e-01
9.576003983754153293e-01
9.574477059465298368e-01
9.572922993841470607e-01
9.571339460367069840e-01
9.569725404883678843e-01
9.568081450780773212e-01
9.566409855839685950e-01
9.564714150424650230e-01
9.562998646779659051e-01
9.561267953130023756e-01
9.559526547555788900e-01
9.557778424119528493e-01
9.556026817804536000e-01
9.554274025817286464e-01
9.552521357295671312e-01
9.550769254372772910e-01
9.549017622441524633e-01
9.547266360244638372e-01
9.545515971139945099e-01
9.543768013248309368e-01
9.542025144457080277e-01
9.540290715074379868e-01
9.538568109549137031e-01
9.536860120495007642e-01
9.535168536114907445e-01
9.533493980320242311e-01
9.531835961719228312e-01
9.530193062946119564e-01
9.528563202867624815e-01
9.526943911806554643e-01
9.525332571210070043e-01
9.523726586511017667e-01
9.522123484254630954e-01
9.520520945664525669e-01
9.518916801360581825e-01
9.517309012856975947e-01
9.515695658710974225e-01
9.514074932960832065e-01
9.512445156234087262e-01
9.510804798121281767e-01
9.509152512568109783e-01
9.507487193311076057e-01
9.505808059127466292e-01
9.504114773167152697e-01
9.502407582934010444e-01
9.500687441387162258e-01
9.498956050902446213e-01
9.497215780333682078e-01
9.495469444999011799e-01
9.493719988036571911e-01
9.491970129717139937e-01
9.490222048646123065e-01
9.488477137377678838e-01
9.486735851976860756e-01
9.484997659501375189e-01
9.483261079691157613e-01
9.481523814309528175e-01
9.479782956332712951e-01
9.478035268683018266e-01
9.476277515795443751e-01
9.474506819498749177e-01
9.472720995745196326e-01
9.470918818693722097e-01
9.469100164238943851e-01
9.467266010281317756e-01
9.465418306135732207e-01
9.463559750786346703e-01
9.461693527960581829e-01
9.459823037695405112e-01
9.457951649537525984e-01
9.456082490316877198e-01
9.454218272381850197e-01
9.452361165072160620e-01
9.450512710753822265e-01
9.448673785294229299e-01
9.446844600733241837e-01
9.445024745189737336e-01
9.443213252291059456e-01
9.441408690433827910e-01
9.439609261803757478e-01
9.437812902831954620e-01
9.436017381520371838e-01
9.434220391783197934e-01
9.432419648721037664e-01
9.430612989398795554e-01
9.428798479879023642e-01
9.426974521589118750e-01
9.425139941582061365e-01
9.423294046095038734e-01
9.421436617839079597e-01
9.419567843903740023e-01
9.417688169026682266e-01
9.415798073996902717e-01
9.413897780179997232e-01
9.411986883411153082e-01
