# "On the time required to freeze water" JCP 2016  Figure 10
# DeltaT            log10(J) 1/m^-3 s^-1
15.139798830417584 -154.6691349902116
15.385264246726738 -145.66202362134987
15.265385787599012 -150.55172219958922
15.638340993774158 -139.90408128255189
15.807058825139105 -135.44099309384018
15.96689677064274 -131.23809378298154
16.126734716146373 -127.09525703343478
16.390399019413056 -122.24495142870656
16.57605694072881 -116.83272361081605
16.810485927467475 -111.68553065977211
17.0635626745149 -106.78276478917739
17.316639421562314 -102.00012404120652
17.556396339817766 -97.77794386706564
17.83078481293234 -93.40192378143577
18.069815195071868 -88.90435913688147
18.395545553711848 -84.28665311233654
18.70190161592715 -79.8598758457869
18.94965043145778 -75.80794692774533
19.22137493881396 -71.39586463897872
19.541050829821227 -67.25450787040884
19.86516666375915 -63.103181785536364
20.26032158458758 -58.81036540821535
20.69261057356332 -54.25070547090132
21.09947079848166 -49.97092002709573
21.539025148616656 -45.905751445898474
22.018538985127556 -41.64574953568162
22.538012308014366 -37.31961978497078
23.09744511727709 -33.05177749934067
23.656877926539806 -29.18292222813986
24.199185241641423 -25.455484424926794
24.800333998219656 -21.584045285839153
25.479030505281237 -17.415519481874384
26.254244540973865 -13.26036189069508
27.093393754867947 -9.394096586203815
27.972502455137935 -5.667437214543533
28.851611155407923 -2.3994374019925857
29.73071985567791 0.6064712339244522
30.6098285559479 3.2847658990491198
31.488937256217888 5.68458868900025
32.368045956487876 7.936985192094809
33.247154656757864 9.910909820015846
34.12626335702785 11.73740816108031
35.00537205729784 13.432860913827824
35.88448075756783 14.948125982639525
36.76358945783782 16.34872616167391
37.642698158107805 17.585519355312087
38.521806858377786 18.74040905625217
39.383983572895275 19.77412731006161
40.28002425891776 20.77171658295881
41.15913295918775 21.598992313106514
42.03824165945774 22.475410138873073
42.91735035972773 23.286305170481164
43.796459059997716 23.99891601085153
44.675567760267704 24.6296233585238
45.55467646053769 25.325853500354555
46.43378516080768 25.89103805386835
47.312893861077676 26.39069981322367
48.192002561347664 26.87398087403938
49.07111126161765 27.30811983923622
49.95021996188764 27.742258804433067
50.82932866215763 28.12725567401106
51.70843736242762 28.479491146509808
52.587546062697605 28.79896522192932
53.46665476296759 29.102058598809208
54.34576346323758 29.388771277149484
55.22487216350757 29.65910325695014
56.10398086377756 29.8475317440527
56.983089564047546 30.134244422392968
57.862198264317534 30.2080080197182
58.60369609856263 30.33690774963877
59.50718685831622 30.698912464826236
60.4995243651275 30.838816275184346
61.37863306539749 30.83067637981148
62.257741765667475 31.03548556545366
63.136850465937464 31.17477195693736
64.01595916620745 31.21577415718335
64.89506786647745 31.51886753406324
65.77417656674743 31.51072763869037
66.81724845995893 31.371967449996216
68.01190780379831 31.490007905013975
68.89101650406829 31.711197789195772
69.57032777245874 31.835953458360958

