30.566820276497694  -1.2635270541082306
31.83179723502304  1.5259551360786077
33.17972350230415  4.254980549333961
34.672811059907836  7.004469465246281
36.3110599078341  9.715436971503983
38.01152073732719  12.237737670462877
39.71198156682028  14.431759861185785
41.41244239631337  16.365963634586247
43.146350527724096  18.0627787833732
44.813364055299544  19.48873356469036
46.513824884792626  20.7292634048585
48.214285714285715  21.79740578718413
49.914746543778804  22.703058556136668
51.615207373271886  23.467667041399878
53.31566820276498  24.031019355784743
54.60138248847926  24.25815917549385
39.98463901689708  5.9118236472945895
