#! FIELDS time refcv.mean refcv.morethan
 0.000000 0.958442 286.808380
 1.000000 0.931308 282.647107
 2.000000 0.932414 283.840158
 3.000000 0.939970 284.677352
 4.000000 0.926562 280.486213
 5.000000 0.924114 280.152331
 6.000000 0.920711 281.047367
 7.000000 0.931563 282.287664
 8.000000 0.931917 282.729434
 9.000000 0.928659 282.064550
 10.000000 0.931353 282.369814
 11.000000 0.931326 281.200326
 12.000000 0.930346 282.838525
 13.000000 0.948982 285.648784
 14.000000 0.925679 281.274699
 15.000000 0.915277 277.950068
 16.000000 0.920279 279.295326
 17.000000 0.921573 280.316498
 18.000000 0.927837 281.809419
 19.000000 0.931079 282.853449
 20.000000 0.914897 278.599032
 21.000000 0.921982 281.902762
 22.000000 0.922804 281.023754
 23.000000 0.923332 278.849114
 24.000000 0.925459 280.883830
 25.000000 0.923296 281.449034
 26.000000 0.924778 281.622218
 27.000000 0.917997 279.057095
 28.000000 0.920531 280.081300
 29.000000 0.926347 282.064151
 30.000000 0.917361 279.332249
 31.000000 0.928625 282.696176
 32.000000 0.922789 280.694178
 33.000000 0.925430 282.065588
 34.000000 0.919478 279.522798
 35.000000 0.923412 280.801705
 36.000000 0.924931 280.394869
 37.000000 0.923697 280.900652
 38.000000 0.919719 279.366308
 39.000000 0.921837 280.792633
 40.000000 0.926487 281.480752
 41.000000 0.933202 282.547560
 42.000000 0.926672 280.263250
 43.000000 0.924791 280.838643
 44.000000 0.927186 281.535374
 45.000000 0.920657 279.822520
 46.000000 0.932943 282.719640
 47.000000 0.923189 281.695322
 48.000000 0.918723 279.504421
 49.000000 0.934377 282.937272
 50.000000 0.915560 278.601354
 51.000000 0.924478 280.868253
 52.000000 0.927477 282.079850
 53.000000 0.927286 281.578088
 54.000000 0.917198 279.313554
 55.000000 0.916256 278.765600
 56.000000 0.928817 280.537875
 57.000000 0.934943 282.684425
 58.000000 0.919035 279.049981
 59.000000 0.923944 280.968810
 60.000000 0.913647 279.064364
 61.000000 0.901860 273.175369
 62.000000 0.929240 282.647425
 63.000000 0.921260 281.250164
 64.000000 0.916293 279.068145
 65.000000 0.918071 279.603595
 66.000000 0.923835 280.193798
 67.000000 0.925946 281.337999
 68.000000 0.916497 277.740817
 69.000000 0.920236 280.452898
 70.000000 0.924248 279.397898
 71.000000 0.926323 281.794208
 72.000000 0.925473 281.117540
 73.000000 0.926711 282.060980
 74.000000 0.920290 278.723638
 75.000000 0.920808 279.593735
 76.000000 0.916989 279.092296
 77.000000 0.924097 281.953861
 78.000000 0.929690 281.976212
 79.000000 0.918911 280.434163
 80.000000 0.919426 279.912145
 81.000000 0.929782 282.308287
 82.000000 0.926515 281.597356
 83.000000 0.934650 283.784785
 84.000000 0.931982 282.772176
 85.000000 0.929066 282.122373
 86.000000 0.930809 283.071381
 87.000000 0.921872 281.533076
 88.000000 0.939081 283.591416
 89.000000 0.939221 284.723913
 90.000000 0.940746 284.792048
 91.000000 0.933026 282.085386
 92.000000 0.935401 282.195454
 93.000000 0.936575 283.611408
 94.000000 0.927607 282.412841
 95.000000 0.929117 282.156983
 96.000000 0.931413 283.905759
 97.000000 0.934355 283.431421
 98.000000 0.932326 283.454754
 99.000000 0.913047 278.933226
 100.000000 0.929615 282.611093
 101.000000 0.932774 283.231394
 102.000000 0.926538 281.900558
 103.000000 0.926599 281.759410
 104.000000 0.927873 282.631518
 105.000000 0.925131 282.049669
 106.000000 0.934679 282.912664
 107.000000 0.918602 279.925503
 108.000000 0.919176 280.340566
 109.000000 0.924181 281.322558
 110.000000 0.930678 283.174210
 111.000000 0.930800 282.592042
 112.000000 0.923984 280.737182
 113.000000 0.913231 277.610068
 114.000000 0.920094 280.211922
 115.000000 0.935649 284.045906
 116.000000 0.919148 280.532398
 117.000000 0.916475 279.736895
 118.000000 0.921995 280.313288
 119.000000 0.929584 281.895565
 120.000000 0.916964 279.949214
 121.000000 0.910917 279.518747
 122.000000 0.920268 281.222142
 123.000000 0.922533 280.852738
 124.000000 0.910649 277.535019
 125.000000 0.924783 281.021811
 126.000000 0.912131 275.758296
 127.000000 0.920612 280.320400
 128.000000 0.918070 279.511128
 129.000000 0.924899 281.306948
 130.000000 0.935323 284.355077
 131.000000 0.930381 282.004330
 132.000000 0.917209 278.784658
 133.000000 0.925050 281.905324
 134.000000 0.921806 280.845852
 135.000000 0.925795 281.865421
 136.000000 0.922118 280.259945
 137.000000 0.927308 280.177093
 138.000000 0.926003 281.438463
 139.000000 0.935048 283.834844
 140.000000 0.936578 283.638005
 141.000000 0.931799 282.484865
 142.000000 0.929865 282.727929
 143.000000 0.930654 283.459973
 144.000000 0.921538 280.698327
 145.000000 0.929462 282.654838
 146.000000 0.932726 283.467508
 147.000000 0.934621 283.166831
 148.000000 0.929067 282.043159
 149.000000 0.935772 283.040641
 150.000000 0.927476 281.687215
 151.000000 0.931761 282.945011
 152.000000 0.935917 282.730458
 153.000000 0.936594 283.562014
 154.000000 0.944467 285.006042
 155.000000 0.931308 282.567193
 156.000000 0.939180 283.806675
 157.000000 0.942292 284.965760
 158.000000 0.930455 282.581887
 159.000000 0.927083 280.495987
 160.000000 0.922313 280.219277
 161.000000 0.931902 282.716613
 162.000000 0.932209 283.162578
 163.000000 0.937751 283.851486
 164.000000 0.941378 284.517800
 165.000000 0.933437 283.124971
 166.000000 0.932458 282.732922
 167.000000 0.938584 284.432017
 168.000000 0.927609 281.532561
 169.000000 0.930778 283.251668
 170.000000 0.937995 284.694369
 171.000000 0.937697 283.548635
 172.000000 0.932952 282.985314
 173.000000 0.930416 282.386066
 174.000000 0.937064 283.477767
 175.000000 0.925804 281.762303
 176.000000 0.927939 281.939524
 177.000000 0.936101 283.983982
 178.000000 0.936736 284.012435
 179.000000 0.935621 283.777357
 180.000000 0.945168 285.353462
 181.000000 0.936933 283.755249
 182.000000 0.927844 282.134090
 183.000000 0.937780 283.126622
 184.000000 0.926752 282.160386
 185.000000 0.924030 280.550319
 186.000000 0.932000 283.002104
 187.000000 0.936070 283.686166
 188.000000 0.941233 284.618185
 189.000000 0.937487 283.722292
 190.000000 0.934157 282.549905
 191.000000 0.933788 282.881787
 192.000000 0.932283 283.822985
 193.000000 0.928939 282.262872
 194.000000 0.930507 282.479225
 195.000000 0.933204 282.819747
 196.000000 0.934493 283.393896
 197.000000 0.925228 281.806662
 198.000000 0.936817 282.817345
 199.000000 0.925804 281.360137
 200.000000 0.922985 280.604671
 201.000000 0.910316 276.762293
 202.000000 0.932514 282.929195
 203.000000 0.924230 280.051722
 204.000000 0.929484 282.235231
 205.000000 0.933259 283.094069
 206.000000 0.931316 282.400052
 207.000000 0.933616 283.540956
 208.000000 0.934922 284.152416
 209.000000 0.926657 282.051068
 210.000000 0.922697 281.156863
 211.000000 0.923044 280.313056
 212.000000 0.932304 281.966832
 213.000000 0.933166 283.262968
 214.000000 0.932319 283.288793
 215.000000 0.924213 281.141714
 216.000000 0.916946 279.244542
 217.000000 0.922896 281.040916
 218.000000 0.920551 279.734854
 219.000000 0.924862 280.983910
 220.000000 0.919276 280.058260
 221.000000 0.926760 282.536455
 222.000000 0.927895 281.271127
 223.000000 0.936475 283.980715
 224.000000 0.935975 283.757699
 225.000000 0.932481 282.561978
 226.000000 0.925507 280.655576
 227.000000 0.925746 281.485917
 228.000000 0.938782 283.626790
 229.000000 0.917427 279.733495
 230.000000 0.927817 282.305357
 231.000000 0.929459 282.020488
 232.000000 0.916095 278.734433
 233.000000 0.923890 281.125098
 234.000000 0.933832 283.042185
 235.000000 0.921713 280.476766
 236.000000 0.928613 282.346051
 237.000000 0.934216 282.207481
 238.000000 0.931363 281.813087
 239.000000 0.922179 281.072549
 240.000000 0.930138 281.932944
 241.000000 0.926851 282.089466
 242.000000 0.918451 279.838638
 243.000000 0.930743 283.489476
 244.000000 0.917438 279.659527
 245.000000 0.913506 278.521792
 246.000000 0.923867 281.475297
 247.000000 0.937038 283.003364
 248.000000 0.936432 283.011125
 249.000000 0.931181 282.497471
 250.000000 0.921321 280.351591
 251.000000 0.916429 278.690787
 252.000000 0.926524 281.958207
 253.000000 0.941764 283.879221
 254.000000 0.925613 281.132734
 255.000000 0.922153 280.520757
 256.000000 0.926742 281.364899
 257.000000 0.925465 282.089244
 258.000000 0.924590 280.652159
 259.000000 0.921605 281.189681
 260.000000 0.922550 280.842347
 261.000000 0.932667 282.341569
 262.000000 0.931498 282.568029
 263.000000 0.941461 284.075241
 264.000000 0.932324 281.758434
 265.000000 0.922300 279.563251
 266.000000 0.921099 279.778800
 267.000000 0.923480 280.023873
 268.000000 0.937455 283.970159
 269.000000 0.933032 282.625542
 270.000000 0.938079 283.344744
 271.000000 0.930211 281.240733
 272.000000 0.930471 282.408679
 273.000000 0.932613 282.620467
 274.000000 0.926452 281.846789
 275.000000 0.922919 281.459142
 276.000000 0.930758 282.503325
 277.000000 0.936586 283.922222
 278.000000 0.948757 286.013243
 279.000000 0.929180 281.946146
 280.000000 0.932413 282.657576
 281.000000 0.928830 281.712798
 282.000000 0.937166 283.535932
 283.000000 0.937621 284.480535
 284.000000 0.940181 284.212976
 285.000000 0.926798 280.804325
 286.000000 0.934477 282.383065
 287.000000 0.929194 282.483636
 288.000000 0.936241 283.764368
 289.000000 0.932947 282.209029
 290.000000 0.935013 283.044805
 291.000000 0.927214 281.930256
 292.000000 0.942891 284.870113
 293.000000 0.942246 284.887128
 294.000000 0.932293 283.384988
 295.000000 0.939644 284.075989
 296.000000 0.928123 282.820687
 297.000000 0.930512 282.988982
 298.000000 0.931872 282.734012
 299.000000 0.929081 282.194483
 300.000000 0.943830 285.594081
 301.000000 0.934720 282.354325
 302.000000 0.922436 280.050440
 303.000000 0.942152 284.364335
 304.000000 0.930515 281.988798
 305.000000 0.947013 284.864325
 306.000000 0.946414 285.672824
 307.000000 0.937231 283.814928
 308.000000 0.927892 281.409659
 309.000000 0.928503 282.521505
 310.000000 0.929399 282.355226
 311.000000 0.940524 284.501180
 312.000000 0.934279 284.025649
 313.000000 0.936631 283.165911
 314.000000 0.935650 283.280040
 315.000000 0.937877 284.180701
 316.000000 0.924445 281.260612
 317.000000 0.933636 282.821070
 318.000000 0.936708 283.884974
 319.000000 0.920818 280.208887
 320.000000 0.933258 283.606598
 321.000000 0.928554 281.917464
 322.000000 0.933929 283.330910
 323.000000 0.933589 283.729686
 324.000000 0.935359 284.423522
 325.000000 0.932552 283.061603
 326.000000 0.929377 281.733681
 327.000000 0.928399 281.828019
 328.000000 0.927131 281.397031
 329.000000 0.934485 282.660377
 330.000000 0.940227 283.688858
 331.000000 0.935761 282.965405
 332.000000 0.930102 282.571584
 333.000000 0.933820 282.813590
 334.000000 0.934123 283.293214
 335.000000 0.940743 284.149751
 336.000000 0.938441 284.526691
 337.000000 0.930948 283.144978
 338.000000 0.934061 282.792195
 339.000000 0.929770 282.676995
 340.000000 0.926715 282.262137
 341.000000 0.939553 284.304913
 342.000000 0.941257 284.459394
 343.000000 0.939849 283.172830
 344.000000 0.937650 283.613573
 345.000000 0.928409 282.210709
 346.000000 0.928632 282.759010
 347.000000 0.934776 283.462190
 348.000000 0.927565 281.389316
 349.000000 0.926556 280.652580
 350.000000 0.927819 281.549969
 351.000000 0.928882 282.879980
 352.000000 0.931982 282.988912
 353.000000 0.931541 283.245387
 354.000000 0.939385 284.554115
 355.000000 0.929347 282.291703
 356.000000 0.930850 281.834902
 357.000000 0.936444 283.819211
 358.000000 0.920403 280.162022
 359.000000 0.931689 283.030505
 360.000000 0.931240 282.268683
 361.000000 0.922886 280.504655
 362.000000 0.937925 283.203058
 363.000000 0.920995 279.687899
 364.000000 0.938778 283.918008
 365.000000 0.937939 283.891728
 366.000000 0.928785 281.924463
 367.000000 0.928663 281.521036
 368.000000 0.934423 282.682202
 369.000000 0.928694 282.877556
 370.000000 0.933998 282.752636
 371.000000 0.930209 282.053469
 372.000000 0.926093 281.625906
 373.000000 0.924715 280.189119
 374.000000 0.924723 280.580534
 375.000000 0.930738 282.284563
 376.000000 0.928632 282.970932
 377.000000 0.925830 280.964199
 378.000000 0.930732 281.540775
 379.000000 0.938161 283.846835
 380.000000 0.920450 280.073417
 381.000000 0.918039 278.978689
 382.000000 0.921816 278.765646
 383.000000 0.921896 280.185458
 384.000000 0.922765 280.715523
 385.000000 0.925476 281.558457
 386.000000 0.928865 281.197927
 387.000000 0.930096 282.504170
 388.000000 0.924047 281.282493
 389.000000 0.922740 280.184808
 390.000000 0.928301 281.396685
 391.000000 0.923629 280.462739
 392.000000 0.927379 281.820453
 393.000000 0.921104 280.767676
 394.000000 0.919142 279.576392
 395.000000 0.933408 283.542497
 396.000000 0.928291 281.820896
 397.000000 0.931560 282.826437
 398.000000 0.928179 281.659390
 399.000000 0.933056 282.798884
 400.000000 0.929342 282.107103
