#! FIELDS time refcv.mean refcv.morethan
 0.000000 0.449569 4.438627
 1.000000 0.463320 6.895433
 2.000000 0.454173 5.611178
 3.000000 0.452636 4.799372
 4.000000 0.456238 5.624028
 5.000000 0.452214 4.813569
 6.000000 0.450841 4.487738
 7.000000 0.454423 5.800703
 8.000000 0.460851 7.047792
 9.000000 0.453247 4.682135
 10.000000 0.453799 4.905543
 11.000000 0.464169 6.743279
 12.000000 0.453575 4.361967
 13.000000 0.452447 4.847788
 14.000000 0.454020 4.929284
 15.000000 0.452408 4.465085
 16.000000 0.446361 3.824100
 17.000000 0.450935 4.242059
 18.000000 0.443564 3.211455
 19.000000 0.444024 3.370285
 20.000000 0.446127 3.493486
 21.000000 0.450218 4.802967
 22.000000 0.442654 4.216278
 23.000000 0.444972 4.283902
 24.000000 0.458255 5.765578
 25.000000 0.445967 4.026395
 26.000000 0.443645 4.024285
 27.000000 0.453367 5.514812
 28.000000 0.452467 5.462317
 29.000000 0.451838 5.469293
 30.000000 0.458174 4.975035
 31.000000 0.453578 5.313890
 32.000000 0.437714 2.774276
 33.000000 0.445148 4.345715
 34.000000 0.445725 3.492914
 35.000000 0.449246 4.252427
 36.000000 0.447807 3.952609
 37.000000 0.453122 5.128840
 38.000000 0.449124 4.756735
 39.000000 0.453754 4.555374
 40.000000 0.454234 5.171371
 41.000000 0.449514 4.119830
 42.000000 0.448193 4.089978
 43.000000 0.447289 3.939637
 44.000000 0.449582 4.427651
 45.000000 0.455273 4.668169
 46.000000 0.459227 5.258126
 47.000000 0.455781 3.942315
 48.000000 0.464086 6.491100
 49.000000 0.457833 5.383660
 50.000000 0.453534 5.212178
 51.000000 0.461416 5.747832
 52.000000 0.460068 5.222328
 53.000000 0.452113 4.328575
 54.000000 0.455863 5.431952
 55.000000 0.456131 5.678901
 56.000000 0.448980 4.312809
 57.000000 0.444436 3.188564
 58.000000 0.460926 5.784304
 59.000000 0.460301 5.214902
 60.000000 0.452854 4.661304
 61.000000 0.450624 4.090987
 62.000000 0.446650 3.528616
 63.000000 0.447051 3.180233
 64.000000 0.449172 3.832671
 65.000000 0.446458 3.224807
 66.000000 0.443569 3.204414
 67.000000 0.441256 2.547480
 68.000000 0.447337 4.016793
 69.000000 0.449988 4.134759
 70.000000 0.444951 3.239371
 71.000000 0.442917 3.316809
 72.000000 0.457950 4.657200
 73.000000 0.448160 3.665942
 74.000000 0.442715 3.644793
 75.000000 0.450501 4.034388
 76.000000 0.459386 5.277515
 77.000000 0.445570 3.266824
 78.000000 0.445225 3.250126
 79.000000 0.451723 4.817323
 80.000000 0.445111 3.172286
 81.000000 0.447666 3.565128
 82.000000 0.456535 4.815214
 83.000000 0.449468 3.569150
 84.000000 0.447732 3.098030
 85.000000 0.446538 3.347191
 86.000000 0.462658 6.053879
 87.000000 0.453701 4.705442
 88.000000 0.457317 6.034890
 89.000000 0.459103 5.078059
 90.000000 0.448700 3.742554
 91.000000 0.440763 3.951808
 92.000000 0.451806 4.205228
 93.000000 0.442407 3.699166
 94.000000 0.443666 3.861446
 95.000000 0.452300 3.883912
 96.000000 0.454377 4.395824
 97.000000 0.450300 4.308442
 98.000000 0.448321 3.843277
 99.000000 0.450481 4.486408
 100.000000 0.446790 3.651186
 101.000000 0.457436 4.941508
 102.000000 0.451500 4.548091
 103.000000 0.457278 4.651065
 104.000000 0.457900 4.496775
 105.000000 0.452822 5.185549
 106.000000 0.443774 3.077236
 107.000000 0.450605 3.133408
 108.000000 0.459829 5.357019
 109.000000 0.465046 6.740195
 110.000000 0.460076 4.718309
 111.000000 0.465849 6.261058
 112.000000 0.456944 4.494333
 113.000000 0.456694 4.225652
 114.000000 0.459000 4.607170
 115.000000 0.453059 3.880574
 116.000000 0.454092 4.140194
 117.000000 0.452431 3.937304
 118.000000 0.453314 4.158128
 119.000000 0.441241 2.814030
 120.000000 0.446437 3.750316
 121.000000 0.446220 3.445591
 122.000000 0.453961 4.166320
 123.000000 0.456306 4.428126
 124.000000 0.444039 2.805594
 125.000000 0.454478 4.123774
 126.000000 0.451850 3.759909
 127.000000 0.448486 3.889295
 128.000000 0.445914 3.216074
 129.000000 0.452884 4.172034
 130.000000 0.451239 4.858324
 131.000000 0.450907 4.232910
 132.000000 0.453106 4.312074
 133.000000 0.461517 4.793165
 134.000000 0.450122 3.470726
 135.000000 0.443578 2.964319
 136.000000 0.458463 5.764326
 137.000000 0.462465 6.637694
 138.000000 0.456408 5.045416
 139.000000 0.463575 7.090375
 140.000000 0.454571 4.528380
 141.000000 0.455319 5.327096
 142.000000 0.453238 4.730847
 143.000000 0.452834 4.406331
 144.000000 0.456915 5.073738
 145.000000 0.452560 4.651325
 146.000000 0.455090 4.413807
 147.000000 0.457867 4.674722
 148.000000 0.455137 5.502031
 149.000000 0.456045 4.486977
 150.000000 0.457402 4.263704
 151.000000 0.454594 4.399503
 152.000000 0.451189 3.692759
 153.000000 0.452551 4.241191
 154.000000 0.456261 4.597163
 155.000000 0.457793 4.987901
 156.000000 0.452398 3.974207
 157.000000 0.443320 2.930293
 158.000000 0.450274 4.584579
 159.000000 0.460011 6.161251
 160.000000 0.459122 5.256741
 161.000000 0.457791 5.372258
 162.000000 0.451225 4.548462
 163.000000 0.454621 5.923379
 164.000000 0.460990 6.059123
 165.000000 0.461421 5.931140
 166.000000 0.452158 3.904055
 167.000000 0.442852 3.565018
 168.000000 0.448321 4.090329
 169.000000 0.454502 5.093343
 170.000000 0.451302 4.126901
 171.000000 0.446109 3.744622
 172.000000 0.450469 5.117528
 173.000000 0.447879 4.756761
 174.000000 0.455601 5.715353
 175.000000 0.456330 5.378563
 176.000000 0.442531 3.067624
 177.000000 0.443157 3.672418
 178.000000 0.438097 2.729550
 179.000000 0.450003 4.637443
 180.000000 0.452417 4.960225
 181.000000 0.444520 4.277133
 182.000000 0.449052 4.255231
 183.000000 0.449047 4.106588
 184.000000 0.452325 4.793524
 185.000000 0.450445 4.564746
 186.000000 0.447512 4.420739
 187.000000 0.441509 3.264200
 188.000000 0.447171 4.411117
 189.000000 0.449120 4.354403
 190.000000 0.449208 4.110658
 191.000000 0.451866 4.675822
 192.000000 0.449312 5.362531
 193.000000 0.438534 3.042970
 194.000000 0.448987 4.120683
 195.000000 0.456584 5.246109
 196.000000 0.447915 3.569860
 197.000000 0.457277 5.934884
 198.000000 0.454228 4.695509
 199.000000 0.452353 4.462971
 200.000000 0.447641 4.088564
 201.000000 0.442212 3.383050
 202.000000 0.454343 5.488271
 203.000000 0.451380 5.495775
 204.000000 0.448734 4.960560
 205.000000 0.459009 6.442141
 206.000000 0.451702 4.824159
 207.000000 0.446350 4.842407
 208.000000 0.436593 3.355069
 209.000000 0.443031 5.500837
 210.000000 0.448287 4.548453
 211.000000 0.445779 4.407681
 212.000000 0.437967 2.369115
 213.000000 0.452092 5.149636
 214.000000 0.451019 5.018187
 215.000000 0.452245 4.959815
 216.000000 0.456869 5.437412
 217.000000 0.455333 5.922350
 218.000000 0.449607 4.840260
 219.000000 0.442944 3.261538
 220.000000 0.452012 4.337064
 221.000000 0.448434 4.237996
 222.000000 0.444699 3.516809
 223.000000 0.455816 5.329998
 224.000000 0.449101 4.381966
 225.000000 0.446065 4.038299
 226.000000 0.444155 3.223981
 227.000000 0.443359 3.084132
 228.000000 0.453260 4.752970
 229.000000 0.455755 4.853040
 230.000000 0.447946 4.266602
 231.000000 0.452447 4.526862
 232.000000 0.446604 3.812417
 233.000000 0.443485 3.252753
 234.000000 0.442454 3.030729
 235.000000 0.451837 4.082057
 236.000000 0.453552 4.285343
 237.000000 0.445773 3.681774
 238.000000 0.449920 4.289423
 239.000000 0.442584 2.821530
 240.000000 0.446698 4.143379
 241.000000 0.451407 4.422405
 242.000000 0.453342 4.910012
 243.000000 0.447475 3.512994
 244.000000 0.446735 3.953464
 245.000000 0.435041 2.358715
 246.000000 0.438492 3.458758
 247.000000 0.440379 3.496029
 248.000000 0.441330 3.355217
 249.000000 0.446643 3.597754
 250.000000 0.441911 2.897793
 251.000000 0.436774 2.337519
 252.000000 0.442226 3.612715
 253.000000 0.448443 4.206407
 254.000000 0.444929 2.968183
 255.000000 0.441327 3.166353
 256.000000 0.450475 3.703560
 257.000000 0.444550 3.527139
 258.000000 0.437682 3.214581
 259.000000 0.445748 3.441515
 260.000000 0.443118 2.768618
 261.000000 0.457129 5.016422
 262.000000 0.444596 3.006944
 263.000000 0.444695 3.077463
 264.000000 0.449358 4.014333
 265.000000 0.454912 5.265398
 266.000000 0.438232 2.798935
 267.000000 0.441208 3.639575
 268.000000 0.448418 4.827575
 269.000000 0.446092 3.711783
 270.000000 0.456614 5.456973
 271.000000 0.459604 5.002240
 272.000000 0.450478 3.680038
 273.000000 0.446893 3.286681
 274.000000 0.456819 5.320488
 275.000000 0.448358 3.678331
 276.000000 0.446282 3.289854
 277.000000 0.446274 3.016965
 278.000000 0.452420 4.196428
 279.000000 0.455110 4.618675
 280.000000 0.451759 3.676887
 281.000000 0.451407 4.122519
 282.000000 0.456836 4.032806
 283.000000 0.459399 4.435502
 284.000000 0.461238 5.925049
 285.000000 0.452525 4.786832
 286.000000 0.448901 3.729723
 287.000000 0.452437 4.895712
 288.000000 0.462589 6.852146
 289.000000 0.455023 5.144439
 290.000000 0.456134 6.161553
 291.000000 0.452184 4.911590
 292.000000 0.460946 5.258602
 293.000000 0.454411 4.063012
 294.000000 0.448030 3.706076
 295.000000 0.452959 4.225588
 296.000000 0.450904 3.716086
 297.000000 0.458242 4.305608
 298.000000 0.455855 3.676205
 299.000000 0.452404 4.479987
 300.000000 0.455209 4.646369
 301.000000 0.453259 4.323821
 302.000000 0.449908 3.572331
 303.000000 0.452112 3.373855
 304.000000 0.444333 3.101489
 305.000000 0.453860 4.635691
 306.000000 0.455013 4.681788
 307.000000 0.448984 3.783145
 308.000000 0.438296 2.657744
 309.000000 0.437102 2.977005
 310.000000 0.452946 4.778730
 311.000000 0.446054 3.257103
 312.000000 0.446671 2.888901
 313.000000 0.456560 5.477791
 314.000000 0.458872 6.261839
 315.000000 0.458485 4.387053
 316.000000 0.462742 5.400041
 317.000000 0.449414 3.478211
 318.000000 0.443915 3.481811
 319.000000 0.440814 3.297784
 320.000000 0.451056 3.990521
 321.000000 0.448837 3.728908
 322.000000 0.439525 3.180296
 323.000000 0.442470 3.150928
 324.000000 0.446964 3.481832
 325.000000 0.443581 2.924273
 326.000000 0.440865 2.676762
 327.000000 0.448905 3.226253
 328.000000 0.442767 3.029673
 329.000000 0.442890 2.844037
 330.000000 0.445693 3.199067
 331.000000 0.454057 4.497606
 332.000000 0.446253 3.411883
 333.000000 0.444881 3.392609
 334.000000 0.445124 3.221543
 335.000000 0.449948 3.336175
 336.000000 0.447062 3.036780
 337.000000 0.443093 2.909854
 338.000000 0.444832 3.931086
 339.000000 0.443794 4.010191
 340.000000 0.444099 3.383514
 341.000000 0.446082 3.327845
 342.000000 0.440063 3.305066
 343.000000 0.442904 3.046524
 344.000000 0.446210 3.388436
 345.000000 0.445955 3.555039
 346.000000 0.443178 3.623313
 347.000000 0.435103 2.341536
 348.000000 0.445346 3.769237
 349.000000 0.453345 5.301123
 350.000000 0.438613 3.265110
 351.000000 0.437695 2.845158
 352.000000 0.446222 3.238977
 353.000000 0.453834 4.679131
 354.000000 0.445845 3.863941
 355.000000 0.448067 3.899940
 356.000000 0.451582 4.406729
 357.000000 0.452639 4.839536
 358.000000 0.445037 4.363123
 359.000000 0.446349 3.989629
 360.000000 0.445236 3.454030
 361.000000 0.452661 5.374127
 362.000000 0.451101 4.246020
 363.000000 0.450320 3.848376
 364.000000 0.448932 3.645647
 365.000000 0.448768 3.718382
 366.000000 0.442574 2.603772
 367.000000 0.449372 4.016534
 368.000000 0.451650 3.777914
 369.000000 0.448726 3.456532
 370.000000 0.450492 3.956016
 371.000000 0.456647 4.477935
 372.000000 0.449806 3.994833
 373.000000 0.448022 4.455267
 374.000000 0.468906 7.693428
 375.000000 0.454204 3.789501
 376.000000 0.454347 3.671482
 377.000000 0.457793 4.620241
 378.000000 0.451711 3.807096
 379.000000 0.446482 3.662117
 380.000000 0.455812 4.976106
 381.000000 0.454492 5.102079
 382.000000 0.457328 5.169864
 383.000000 0.460835 5.893713
 384.000000 0.458743 6.566125
 385.000000 0.456805 5.551239
 386.000000 0.469375 7.626876
 387.000000 0.465803 6.870061
 388.000000 0.458142 6.317884
 389.000000 0.461702 5.691596
 390.000000 0.456311 4.324825
 391.000000 0.449922 3.933546
 392.000000 0.452252 5.001619
 393.000000 0.455277 5.557073
 394.000000 0.465920 6.381686
 395.000000 0.464302 5.868281
 396.000000 0.451701 4.045182
 397.000000 0.445833 3.396502
 398.000000 0.457314 5.307324
 399.000000 0.444240 2.575735
 400.000000 0.442822 2.701417
